tick,timestamp,x,y,heading,battery,wind_pct,batt_drain,raw_x,raw_y,raw_z,qx,qy,qz,qw,n_agents_seen,tracked,n_neighbors_seen,front_d,back_d,right_d,left_d,ir_front_max,ir_rear_max,v,w,left,right,v_policy,scale_corridor,scale_agent,scale_avoid
1,1791139740.9337862,1.111811876296997,-0.5377400517463684,1.4506687867389587,100.0,,,1.111811876296997,-0.5377400517463684,-0.0052141956984996796,0.0,0.0,0.9966714444586876,0.08152319792938155,7,1,6,-0.6361680616821808,1.0,-0.5654021233368516,-0.6086193733806857,0,0,0.10538767020223672,0.5343869616424994,244,378,0.10538767020223672,1.0,1.0,1.0
2,1791139741.4403973,1.0725064277648926,-0.5377958416938782,1.6069657163740745,99.89470689383079,54.40009813203135,0.05264655308460464,1.0725064277648926,-0.5377958416938782,-0.003858828917145729,0.0,0.0,0.9999939958359076,0.00346529827498791,7,1,6,-0.6211145721512439,1.0,-0.664672855640319,-0.6134191748596789,0,0,-0.02191993457294088,0.3632764315268548,-110,-19,-0.02191993457294088,1.0,1.0,1.0
3,1791139741.9393437,1.063825011253357,-0.5395064949989319,1.7442599263670386,99.79470689383079,54.40009813203135,0.05,1.063825011253357,-0.5395064949989319,-0.003163947258144617,0.0,0.0,-0.9978764185139586,0.06513565362959886,7,1,6,-0.6365257138054911,1.0,-0.6397615081295834,-0.6264396521957072,0,0,-0.04827219813187513,0.3208699706741217,-183,-102,-0.04827219813187513,1.0,1.0,1.0
4,1791139742.4394429,1.0921050310134888,-0.532335638999939,1.8940076102494308,99.6947068938308,54.40009813203135,0.05,1.0921050310134888,-0.532335638999939,-0.0037490129470825195,0.0,0.0,-0.9902082302598588,0.13959821175659207,7,1,6,-0.6231487463855456,1.0,-0.5735112259693034,-0.617813910782232,0,0,0.053821457387925736,0.3835363420971392,111,207,0.053821457387925736,1.0,1.0,1.0
5,1791139742.9395797,1.0796269178390503,-0.5373095870018005,2.047352425816193,99.5947068938308,43.04763360780339,0.05,1.0796269178390503,-0.5373095870018005,-0.003963766619563103,0.0,0.0,-0.9766062607701123,0.21503537249629293,7,1,6,-0.6266221911836034,1.0,-0.573780711065265,1.0,0,0,0.06365573785666205,0.3798582927850791,140,235,0.06365573785666205,1.0,1.0,1.0
6,1791139743.4398453,1.0453201532363892,-0.5614435076713562,2.1886123489883937,99.49470689383081,42.47925940041114,0.05,1.0453201532363892,-0.5614435076713562,-0.0011106736492365599,0.0,0.0,-0.9589960129197301,0.28341956037659205,7,1,6,-0.673988170633702,1.0,-0.5696874707203889,1.0,0,0,0.17447507037458426,0.46260541194444704,384,500,0.17447507037458426,1.0,1.0,1.0
7,1791139743.9415112,1.0082696676254272,-0.5923239588737488,2.3029144240262687,99.39470689383081,24.51069846564541,0.05,1.0082696676254272,-0.5923239588737488,-0.0034626356791704893,0.0,0.0,-0.9412413773114674,0.33773461421182727,7,1,6,-0.7220576691165078,-0.10917108940925468,-0.5694860433445602,1.0,0,0,0.16270215117418474,-0.35485313265945184,500,411,0.198514033066628,1.0,1.0,0.8196002502229978
8,1791139744.4400263,0.9605002999305725,-0.6404156684875488,2.2334980649489173,99.27928080050596,41.57942706237079,0.05771304666242874,0.9605002999305725,-0.6404156684875488,-0.0031519371550530195,0.0,0.0,-0.9523942976116522,0.30486899133366735,7,1,6,-0.7782383069419232,-0.056228580156893804,-0.5616201200842725,1.0,0,0,0.09714706517930406,-0.4196773858661181,339,234,0.19928684847918918,1.0,1.0,0.4874735383727481
9,1791139744.9404478,0.9189915060997009,-0.6719211339950562,2.070720332801094,99.17928080050596,43.85378719010259,0.05,0.9189915060997009,-0.6719211339950562,-0.004502974916249514,0.0,0.0,-0.97402719481216,0.22643105742444974,7,1,6,-0.7927184778083693,1.0,-0.5642093393424308,1.0,1804,0,0.07179855362265927,-0.39919107324305825,262,162,0.17866106527410558,1.0,1.0,0.40187017530934577
10,1791139745.440048,0.8865481615066528,-0.6861828565597534,1.9052181868581188,99.07928080050597,53.5255774086307,0.05,0.8865481615066528,-0.6861828565597534,-0.0032795609440654516,0.0,0.0,-0.9894101903710256,0.1451463922733555,7,1,6,-0.792366346747012,1.0,-0.5773090314123247,1.0,1739,0,0.07317316792478276,-0.5306602803337364,282,149,0.1811432735001145,1.0,1.0,0.40395189128972275
11,1791139745.940096,0.853711724281311,-0.6961676478385925,1.6818348977833626,98.97928080050598,53.5255774086307,0.05,0.853711724281311,-0.6961676478385925,-0.003985556308180094,0.0,0.0,-0.9994230992991103,0.033962752941429204,7,1,6,-0.8034662178597919,1.0,-0.5919562799078506,1.0,2195,0,0.0551447894026502,-0.5578552106503025,233,93,0.16299013633773848,1.0,1.0,0.33833206500534757
12,1791139746.4409773,0.8269950151443481,-0.6942703127861023,1.4422758345635742,98.87928080050598,40.20024958529638,0.05,0.8269950151443481,-0.6942703127861023,-0.005486795213073492,0.0,0.0,0.9963205594278187,0.08570497570992168,7,1,6,-0.8162529716815593,1.0,-0.6097956756698217,1.0,2610,0,0.03279336437658166,-0.4656689041903936,155,38,0.12481308976185526,1.0,1.0,0.26273978505901713
13,1791139746.9402254,0.8060495257377625,-0.6922566890716553,1.245311902450731,98.77928080050599,41.61215983034291,0.05,0.8060495257377625,-0.6922566890716553,-0.004300329368561506,0.0,0.0,0.983066199529144,0.18325077719705635,7,1,6,-0.8314383376914222,1.0,-0.16120678712302994,1.0,3401,0,0.029218456163400144,-0.5684757533050241,157,15,0.1689245697346154,1.0,1.0,0.17296747423600398
14,1791139747.4395442,0.7947742342948914,-0.6890941262245178,1.0130477700888871,98.67928080050599,41.61215983034291,0.05,0.7947742342948914,-0.6890941262245178,-0.002638718346133828,0.0,0.0,0.9552110203167334,0.29592550864274125,7,1,6,-0.8459655617216992,1.0,-0.1792351690783215,1.0,4413,0,0.014599220666256052,-0.5790273050548668,116,-30,0.16764152750552636,1.0,1.0,0.0870859439393666
15,1791139747.939692,0.7857052087783813,-0.682361900806427,0.7959724443720924,98.579280800506,20.306143165191564,0.05,0.7857052087783813,-0.682361900806427,-0.0034985621459782124,0.0,0.0,0.9175341085293377,0.3976570880611504,7,1,6,-0.8371084040104202,1.0,-0.1851677936937468,-0.5147771409326874,4436,0,0.009201823456432669,-0.28791644698240226,63,-9,0.06598778479135976,1.0,1.0,0.1394473762913394
16,1791139748.4397137,0.7816153764724731,-0.6790710091590881,0.6387573899511723,98.479280800506,31.765078699920664,0.05,0.7816153764724731,-0.6790710091590881,-0.002249005250632763,0.0,0.0,0.8834741223843475,0.46847996230063776,7,1,6,-0.8260202177783207,1.0,-0.17648518817812264,-0.4730963734663888,3605,0,0.02263105949480661,-0.09605699187875806,79,55,0.11039642226446292,1.0,1.0,0.20499812431051623
17,1791139748.9408407,0.7853829860687256,-0.6765980124473572,0.5394102960146383,98.37928080050601,25.177451507957397,0.05,0.7853829860687256,-0.6765980124473572,0.0014717492740601301,0.0,0.0,0.85912288488011,0.5117693510511129,7,1,6,-0.8178930848044097,1.0,-0.17438416419061353,-0.4173057383701759,2535,0,0.03447530331698796,0.16526425255166807,81,122,0.13624242243578,1.0,1.0,0.25304382218569577
18,1791139749.440042,0.7672781944274902,-0.6582827568054199,0.5896424410215495,98.27928080050602,33.088716986302316,0.05,0.7672781944274902,-0.6582827568054199,-7.097086199792102e-05,0.0,0.0,0.8717042092083306,0.4900324189770296,7,1,6,-0.8415912389766229,1.0,-0.19256028529309244,-0.3642873880861096,3026,0,0.016977114159811495,0.3615428148756612,5,95,0.1503118974932219,1.0,1.0,0.1129459107558472
19,1791139749.9392054,0.760188639163971,-0.6487135291099548,0.7351208113604359,98.17928080050602,33.088716986302316,0.05,0.760188639163971,-0.6487135291099548,-0.0035384271759539843,0.0,0.0,0.9050122717852568,0.42538545804727335,7,1,6,-0.8444548609184693,1.0,-0.24969606948996104,-0.29955775606058754,3956,0,0.01468799658695722,0.41324708291386497,-8,95,0.15297311188355514,1.0,1.0,0.09601685162904897
20,1791139750.4400191,0.754169762134552,-0.6437154412269592,0.8976988064265035,98.07928080050603,48.06826730844283,0.05,0.754169762134552,-0.6437154412269592,-0.0031807608902454376,0.0,0.0,0.9365648895742001,0.3504942333575065,7,1,6,-0.8140594615553098,1.0,-0.31127434086982575,-0.23691807990080604,3513,0,0.04311891467609306,0.4106092975273938,76,179,0.1563938080353244,1.0,1.0,0.2757073008053737
21,1791139750.9404995,0.7381917238235474,-0.633529007434845,1.084162426993382,97.97928080050603,25.23716174624205,0.05,0.7381917238235474,-0.633529007434845,-0.0037454802077263594,0.0,0.0,0.965127339393155,0.26178086017868063,7,1,6,-0.8216639244506307,1.0,-0.38063574283817403,-0.17420121903684904,3378,0,0.03691832362377845,0.3188483592532272,69,149,0.15999169128367055,1.0,1.0,0.23075150545362408
22,1791139751.4403558,0.7213693857192993,-0.6268125772476196,1.2163945003863237,97.87928080050604,23.399315599622668,0.05,0.7213693857192993,-0.6268125772476196,-0.0038047456182539463,0.0,0.0,0.9803139684559496,0.19744498790839765,7,1,6,-0.8168431641358049,1.0,-0.44318833207011854,-0.10247191278495182,2621,0,0.0417602264486318,0.2261042347145036,95,151,0.16108047330196892,1.0,1.0,0.2592507061383297
23,1791139751.9402153,0.7025281190872192,-0.6209864616394043,1.3151333283298836,97.77928080050604,37.20125734071295,0.05,0.7025281190872192,-0.6209864616394043,-0.00399512005969882,0.0,0.0,0.9888633164059573,0.14882654825874195,7,1,6,-0.8069330704623978,1.0,-0.5137719930550333,-0.05244423162004774,2376,0,0.05072393086540652,0.1534030824297956,130,169,0.15959109574880026,1.0,1.0,0.31783684814876545
24,1791139752.4399061,0.6781176924705505,-0.6150161623954773,1.3707276150336138,97.67928080050605,35.17492381848651,0.05,0.6781176924705505,-0.6150161623954773,-0.009336864575743675,0.0,0.0,0.9926177231279176,0.1212850185816395,7,1,6,-0.816612289261067,1.0,-0.5788779371990582,0.004914068512734904,2641,0,0.04098117406486764,0.10476539305732953,108,134,0.15724759595798882,1.0,1.0,0.26061558407428
25,1791139752.9397938,0.6522324681282043,-0.6037828326225281,1.4173941868150735,97.57928080050606,25.566039759120013,0.05,0.6522324681282043,-0.6037828326225281,-0.024438971653580666,0.0,0.0,0.9951772451102163,0.09809307220614685,7,1,6,-0.8356930670686475,1.0,-0.6459486625195838,0.04514602559936498,2873,0,0.022831644571923052,0.09065436016608135,56,79,0.15446145143539677,1.0,1.0,0.14781451527064243
26,1791139753.4406111,0.6457179188728333,-0.6142070293426514,1.4690890730507107,97.47928080050606,37.38875019116166,0.05,0.6457179188728333,-0.6142070293426514,-0.004292371217161417,0.0,0.0,0.9973800022725583,0.07234038337465247,7,1,6,-0.8347090380495579,1.0,-0.7068091382547779,0.07837851763902592,3151,0,0.023723277188231064,0.09610603014690879,58,82,0.15441638654500975,1.0,1.0,0.15363186329526066
27,1791139753.940394,0.6346261501312256,-0.6134593486785889,1.5240141073725049,97.37928080050607,41.382656915419666,0.05,0.6346261501312256,-0.6134593486785889,-0.004714429844170809,0.0,0.0,0.9989903182842537,0.04492598328724131,7,1,6,-0.690989248541485,1.0,-0.8378627990172067,1.0,1335,0,0.026581980523688462,0.32532569451711163,38,119,0.19692169006443894,1.0,1.0,0.13498757051592442
28,1791139754.440208,0.6189744472503662,-0.6140884160995483,1.6556642800672625,97.27928080050607,51.23164480299255,0.05,0.6189744472503662,-0.6140884160995483,-0.004623907618224621,0.0,0.0,-0.9997819376855861,0.020882458611354394,7,1,6,-0.7052804076283333,1.0,-0.811616567993489,1.0,0,0,0.08325936280202612,0.0190110125535705,243,248,0.19049383680118379,1.0,1.0,0.4370711630367493
29,1791139754.9396288,0.5855920910835266,-0.6175894737243652,1.6811539274926295,97.17928080050608,27.232421654953942,0.05,0.5855920910835266,-0.6175894737243652,-0.004240223206579685,0.0,0.0,-0.9994346051801328,0.03362246226010337,7,1,6,-0.6587595989255544,1.0,-0.8251460381653914,1.0,0,0,0.19567716217375986,-0.06559207052130092,500,484,0.19567716217375986,1.0,1.0,1.0
30,1791139755.440212,0.5217821002006531,-0.6280357837677002,1.6926148412437856,97.06247418717047,37.227001086115635,0.058403306667803086,0.5217821002006531,-0.6280357837677002,-0.004015645943582058,0.0,0.0,-0.9992255244247574,0.03934909577192849,7,1,6,-0.6837743031668444,-0.7978791142735162,-0.6649250038629471,1.0,0,0,0.195587641356869,-0.3417219718185489,500,414,0.195587641356869,1.0,1.0,1.0
31,1791139755.9396863,0.45281893014907837,-0.6366764903068542,1.5889643453017932,96.93604874146345,37.31630555650788,0.0632127228535069,0.45281893014907837,-0.6366764903068542,-0.0046579246409237385,0.0,0.0,0.9999223005435752,0.012465667877977848,7,1,6,-0.701701203159438,-0.7730948605720461,-0.6102533965081337,1.0,0,0,0.18476523292530855,-0.3542748938090384,500,411,0.19657070173148727,1.0,1.0,0.939942887204499
32,1791139756.4406466,0.38505271077156067,-0.6372228860855103,1.4864270506954531,96.75296556609528,54.204582224398536,0.09154158768408074,0.38505271077156067,-0.6372228860855103,-0.004466377664357424,0.0,0.0,0.9979696353919825,0.06369149735713214,7,1,6,-0.7028551866804476,-0.7632136614527839,-0.5471857160419795,1.0,0,0,0.18508730872323176,-0.2388609916201814,500,440,0.19835299685302923,1.0,1.0,0.933120808153825
33,1791139756.9408655,0.3136140704154968,-0.6296228170394897,1.412663613770765,96.5926083529145,45.98108193157409,0.08017860659039548,0.3136140704154968,-0.6296228170394897,-0.004537736065685749,0.0,0.0,0.9949424433067279,0.10044667494167484,7,1,6,-0.6979896672871998,-0.7539402237462546,-0.4889019920760497,1.0,0,0,0.19168744645419786,-0.17504364415122303,500,456,0.19928320265081187,1.0,1.0,0.9618846139786129
34,1791139757.4401293,0.24189607799053192,-0.6207378506660461,1.3666170258910775,96.40888254734415,51.66267401328704,0.09186290278517689,0.24189607799053192,-0.6207378506660461,-0.004090658854693174,0.0,0.0,0.9923663503382406,0.12332488279483668,7,1,6,0.10414358479427999,-0.7468785945337174,-0.43660754264730084,-0.6842312656651452,0,0,0.1732996393495571,-0.12390583546815505,500,469,0.1732996393495571,1.0,1.0,1.0
35,1791139757.94001,0.16923648118972778,-0.6066422462463379,1.3431977198971383,96.11992083219357,71.8031811131954,0.14448085757528786,0.16923648118972778,-0.6066422462463379,-0.004651134833693504,0.0,0.0,0.9908542578943118,0.1349364280419214,7,1,6,0.0818689842832312,-0.7343525224375453,-0.3944288942271199,-0.6640152946901299,0,0,0.19314322993517566,0.11570252660669246,471,500,0.19314322993517566,1.0,1.0,1.0
36,1791139758.439475,0.09702339768409729,-0.5934832096099854,1.3687025473407184,95.83294712666064,71.80265739189608,0.14348685276646805,0.09702339768409729,-0.5934832096099854,-0.003463367000222206,0.0,0.0,0.9924944091344154,0.12229001527895683,7,1,6,0.04772197898479713,-0.7280487083202343,-0.3815162212446058,-0.6405003471659718,0,0,0.1879009316652221,-0.10855680931452562,500,473,0.1879009316652221,1.0,1.0,1.0
37,1791139758.939412,0.03238848224282265,-0.5808912515640259,1.3794105854517085,95.52290936336941,81.49275020976116,0.1550188816456156,0.03238848224282265,-0.5808912515640259,-0.0038623427972197533,0.0,0.0,0.9931349239282189,0.1169744539379894,7,1,6,0.013785258823697744,-0.7300484049026157,-0.33162250159398454,-0.6111532114539959,0,0,0.18371172557572193,0.02586000407567097,494,500,0.18371172557572193,1.0,1.0,1.0
38,1791139759.440428,-0.04957433044910431,-0.5691522359848022,1.3917639244841506,95.11567381849501,83.09948791827541,0.20361777243719878,-0.04957433044910431,-0.5691522359848022,-0.004138025920838118,0.0,0.0,0.9938384872705953,0.11083799537926883,7,1,6,0.009159390413369106,-0.717680669058502,-0.3133117192854321,-0.5873035437948988,0,0,0.1817413617201573,0.08841457063286459,478,500,0.1817413617201573,1.0,1.0,1.0
39,1791139759.9403095,-0.12303627282381058,-0.557098388671875,1.398723829676964,94.63860203532955,98.24248145494091,0.23853589158273175,-0.12303627282381058,-0.557098388671875,-0.004333834629505873,0.0,0.0,0.9942181797411103,0.10737882040827838,7,1,6,1.0,-0.7074772769200246,-0.3223746739506351,-0.5561689863314112,0,0,0.18925614617672706,-0.06719219231316957,500,483,0.18925614617672706,1.0,1.0,1.0
40,1791139760.4399405,-0.19509117305278778,-0.5496561527252197,1.4142937346740023,94.25433339320178,87.16287180126443,0.19213432106389222,-0.19509117305278778,-0.5496561527252197,-0.004037609323859215,0.0,0.0,0.9950239829280801,0.09963570342974258,7,1,6,1.0,-0.7056486908648656,-0.3702226026949941,-0.5324774624318342,0,0,0.18111651177271446,-0.060202492532737385,500,485,0.18111651177271446,1.0,1.0,1.0
41,1791139760.9396968,-0.2696409821510315,-0.5404359102249146,1.412418336634369,93.86829456249812,85.49061865360744,0.19301941535182437,-0.2696409821510315,-0.5404359102249146,-0.006114891730248928,0.0,0.0,0.9949301171882878,0.10056869250268562,7,1,6,1.0,-0.699996631192719,-0.4435427325891719,-0.5047400987641735,0,0,0.16782219971704004,0.009889531203653285,494,496,0.16782219971704004,1.0,1.0,1.0
42,1791139761.440359,-0.34416458010673523,-0.5321947336196899,1.419553744143018,93.48233837188096,85.51445289283163,0.1929780953085829,-0.34416458010673523,-0.5321947336196899,-0.004609605763107538,0.0,0.0,0.9952825837466386,0.09701844407438863,7,1,6,1.0,-0.695089217262963,-0.5200170715573065,-0.4804517373558096,0,0,0.15580885407490053,0.07265415443617483,450,469,0.15580885407490053,1.0,1.0,1.0
43,1791139761.9406116,-0.41470879316329956,-0.5228159427642822,1.4383364866791286,93.11733895426211,85.51445289283163,0.18249970880942024,-0.41470879316329956,-0.5228159427642822,-0.0049190036952495575,0.0,0.0,0.9961498160099104,0.08766723483389768,7,1,6,1.0,-0.6597214069426427,-0.6026335920164474,-0.4446431214002875,0,0,0.14461763472269198,0.11616833984208493,412,441,0.14461763472269198,1.0,1.0,1.0
44,1791139762.4397047,-0.4819350242614746,-0.5201813578605652,1.502216400166315,92.7787649226525,84.21693184840379,0.16928701580480804,-0.4819350242614746,-0.5201813578605652,-0.005184182897210121,0.0,0.0,0.9984413543129672,0.0558109487259263,7,1,6,1.0,-0.6498928281425173,-0.6717434123482027,-0.4203734557420249,0,0,0.14668203106903704,0.18499740285987926,409,456,0.14668203106903704,1.0,1.0,1.0
45,1791139762.939761,-0.5448627471923828,-0.5124163031578064,1.5492978924456073,92.35968432553594,100.0,0.2095402985582792,-0.5448627471923828,-0.5124163031578064,-0.005168246570974588,0.0,0.0,0.9994784256312301,0.032293601498091094,7,1,6,1.0,-0.6170013197118134,-0.6917222669994532,-0.3809490252581127,0,0,0.1489810623741337,0.23637125154115288,410,469,0.1489810623741337,1.0,1.0,1.0
46,1791139763.4397826,-0.6201626658439636,-0.5242418646812439,1.6571234260285177,91.91692160244568,92.46396606876452,0.22138136154512378,-0.6201626658439636,-0.5242418646812439,-0.0073189628310501575,0.0,0.0,-0.9997664363290453,0.021611866877277546,7,1,6,1.0,-0.7616337309652919,-0.4480830635372731,-0.3678239581874887,0,0,0.19041023430587453,0.3144079591103164,421,500,0.19041023430587453,1.0,1.0,1.0
47,1791139763.9398928,-0.6868971586227417,-0.5318287014961243,1.758026871306094,91.5260948719626,92.46396606876452,0.1954133652415438,-0.6868971586227417,-0.5318287014961243,-0.004219368100166321,0.0,0.0,-0.997404421882816,0.07200291111202066,7,1,6,1.0,-0.7443473155990299,-0.48124935183676143,-0.3553421721310245,0,0,0.18736810546259475,-0.07296553318201124,500,482,0.18736810546259475,1.0,1.0,1.0
48,1791139764.4399397,-0.7547909021377563,-0.5465295314788818,1.7663758813234915,91.12718026282411,92.46396606876452,0.19945730456924204,-0.7547909021377563,-0.5465295314788818,-0.00400335481390357,0.0,0.0,-0.9970951556252338,0.07616594139568483,7,1,6,1.0,-0.7051624986372407,-0.5121645512328604,-0.3451122943410031,0,0,0.19205605463332473,0.065886203281268,483,500,0.19205605463332473,1.0,1.0,1.0
49,1791139764.939875,-0.8206894397735596,-0.5639684200286865,1.7753904152973012,90.73951926961675,92.46396606876452,0.19383049660367963,-0.8206894397735596,-0.5639684200286865,-0.0018656017491593957,0.0,0.0,-0.9967417283503563,0.08065932658499271,7,1,6,1.0,-0.6874959456904947,1.0,-0.3442402998291084,0,0,0.19948439055798986,0.10902812867933935,473,500,0.19948439055798986,1.0,1.0,1.0
50,1791139765.439929,-0.8905075192451477,-0.5783722996711731,1.8049078275553034,90.32916768825406,92.46396606876452,0.2051757906813465,-0.8905075192451477,-0.5783722996711731,-0.0045029884204268456,0.0,0.0,-0.9954427913931451,0.09536062637914769,7,1,6,1.0,-0.6467299196010157,1.0,-0.333774184487142,0,0,0.19820173075022485,-0.35100169346108945,500,412,0.19820173075022485,1.0,1.0,1.0
51,1791139765.9397905,-0.9627000093460083,-0.601838231086731,1.6985939042071223,89.93579463089024,87.87146555691703,0.19668652868190528,-0.9627000093460083,-0.601838231086731,-0.0015605718363076448,0.0,0.0,-0.999103424054341,0.042336131647701836,7,1,6,1.0,-0.6049702661099763,1.0,-0.3704445000630433,0,0,0.19419175736507016,0.04104474304682095,490,500,0.19419175736507016,1.0,1.0,1.0
52,1791139766.4393573,-1.0377017259597778,-0.612869381904602,1.7078332089769344,89.54433700283725,85.87599911523226,0.19572881402649572,-1.0377017259597778,-0.612869381904602,-0.005654268432408571,0.0,0.0,-0.9988971855303308,0.04695117399580111,7,1,6,1.0,-0.5679995722359972,1.0,-0.39845790586996765,0,0,0.1883174674948195,0.17246081046218534,457,500,0.1883174674948195,1.0,1.0,1.0
53,1791139766.9399116,-1.102617621421814,-0.6212261915206909,1.7421805301879045,89.20694312245243,85.87599911523226,0.16869694019241321,-1.102617621421814,-0.6212261915206909,-0.004913721699267626,0.0,0.0,-0.9979436005781551,0.06409812840565265,7,1,6,1.0,-0.5349047326525094,1.0,-0.4276200258816134,0,0,0.18348354074190731,0.26154461010956276,434,500,0.18348354074190731,1.0,1.0,1.0
54,1791139767.4398065,-1.1774095296859741,-0.6435673832893372,1.8140957333160772,88.81414991215169,85.87599911523226,0.19639660515036816,-1.1774095296859741,-0.6435673832893372,-0.002903997665271163,0.0,0.0,-0.9949942066153478,0.09993262131003404,7,1,6,1.0,-0.5057064947550234,1.0,-0.46455055811901547,0,0,0.1794075365017336,0.31885679375063913,420,500,0.1794075365017336,1.0,1.0,1.0
55,1791139767.939119,-1.245357632637024,-0.6631209850311279,1.9189838002166297,88.35863081435491,100.0,0.22775954889838754,-1.245357632637024,-0.6631209850311279,-0.005983457900583744,0.0,0.0,-0.9883877481148212,0.15195281957407966,7,1,6,-0.23112452650010495,-0.4786279134143776,1.0,-0.4931227851578882,0,0,0.19479680972013902,0.47559538199518236,381,500,0.19479680972013902,1.0,1.0,1.0
56,1791139768.4394858,-1.3010680675506592,-0.6873800754547119,2.0987562285446844,88.02894077194439,92.46396606876452,0.16484502120525765,-1.3010680675506592,-0.6873800754547119,-0.008516896516084671,0.0,0.0,-0.9707575020059644,0.24006222588974727,7,1,6,-0.2977179012353057,-0.3916970859916682,1.0,-0.5410827117573287,0,0,0.1930690462538046,0.13650392665282285,466,500,0.1930690462538046,1.0,1.0,1.0
57,1791139768.9399145,-1.3736315965652466,-0.7416143417358398,2.1458963103679594,87.58554070441375,92.46396606876452,0.22170003376532005,-1.3736315965652466,-0.7416143417358398,0.002431850414723158,0.0,0.0,-0.9648301112697313,0.26287422161033214,7,1,6,-0.4051036948684533,-0.35546822509035647,1.0,-0.6019984001815077,0,0,0.19292424526760454,0.17730130889607473,456,500,0.19292424526760454,1.0,1.0,1.0
58,1791139769.4393494,-1.429999828338623,-0.7823147177696228,2.1872986116226576,87.26989179766052,87.87146555691703,0.15782445337661444,-1.429999828338623,-0.7823147177696228,-0.0010786398779600859,0.0,0.0,-0.9591819754475678,0.282789564829577,7,1,6,-0.5163043577948083,-0.33830040849971854,1.0,-0.6617634161145364,0,0,0.19328948640317137,0.19275812296000852,452,500,0.19328948640317137,1.0,1.0,1.0
59,1791139769.9405994,-1.4873380661010742,-0.8292195200920105,2.2426628012082057,86.98356113938391,80.79943675147547,0.14316532913830543,-1.4873380661010742,-0.8292195200920105,-0.0013526738621294498,0.0,0.0,-0.9509872813344302,0.30922999650769534,7,1,6,-0.6353825979585087,-0.33592454920667025,1.0,-0.7186094949866315,0,0,0.1941615136007706,0.18065223903104166,455,500,0.1941615136007706,1.0,1.0,1.0
60,1791139770.4391453,-1.5333589315414429,-0.8740656971931458,2.328722851834117,86.7236797166901,86.89255067442197,0.12994071134690277,-1.5333589315414429,-0.8740656971931458,-0.003845631843432784,0.0,0.0,-0.9368049324845882,0.34985213801339876,7,1,6,1.0,-0.3368670287089085,1.0,-0.779253449512403,0,0,0.14486408064835557,0.012353918229013392,426,429,0.1964194049013573,1.0,1.0,0.7375242823951481
61,1791139770.939428,-1.585620641708374,-0.9271924495697021,2.332218783397064,86.3550096716061,100.0,0.18433502254199896,-1.585620641708374,-0.9271924495697021,-0.0035269581712782383,0.0,0.0,-0.9361919720809637,0.35148910567918895,7,1,6,1.0,-0.33171719379778875,1.0,-0.8063831200356033,0,0,0.19059915792303458,-0.17275041865300933,500,457,0.19059915792303458,1.0,1.0,1.0
62,1791139771.4392922,-1.6280769109725952,-0.9746429920196533,2.27381725858828,86.05642824104207,99.33646527307326,0.1492907152820121,-1.6280769109725952,-0.9746429920196533,-0.002066196408122778,0.0,0.0,-0.9460551535396382,0.32400562720590453,7,1,6,1.0,-0.7922153707216165,1.0,-0.7895821311398848,0,0,0.19905453432920203,0.08736941597858433,478,500,0.19905453432920203,1.0,1.0,1.0
63,1791139771.9396126,-1.6787711381912231,-1.0196648836135864,2.2945265318569543,85.70721450369899,99.33646527307326,0.17460686867153957,-1.6787711381912231,-1.0196648836135864,-0.0017021949170157313,0.0,0.0,-0.9426495361004172,0.3337841399612452,7,1,6,-0.7068694858934488,-0.7593697192815697,1.0,-0.7523294197591419,0,0,0.18093823982667662,-0.030189474040747257,500,492,0.1989667753844414,1.0,1.0,0.9093892157475526
64,1791139772.441168,-1.7362090349197388,-1.0798273086547852,2.299719695982609,85.32466224589893,96.08866604055228,0.19127612890002604,-1.7362090349197388,-1.0798273086547852,0.002933820243924856,0.0,0.0,-0.9417796613814825,0.3362306788622658,7,1,6,-0.7917848409112574,-0.7278040962798598,1.0,-0.7304755601813105,1649,0,0.07931283631549052,-0.051769902009952705,240,227,0.1946854632825571,1.0,1.0,0.4073896169658014
65,1791139772.940142,-1.7689779996871948,-1.1016600131988525,2.27718083104505,85.10227179481639,100.0,0.11119522554127383,-1.7689779996871948,-1.1016600131988525,-0.0033582779578864574,0.0,0.0,-0.945508907681545,0.3255962307749454,7,1,6,-0.8417403256817473,-0.7110608987154132,1.0,-0.7061693063698924,4170,0,0.02183313434736224,0.16361595184984215,44,85,0.19482642169920564,1.0,1.0,0.11206454523437598
66,1791139773.4402773,-1.766137719154358,-1.10195791721344,2.4634913198492496,85.0022717948164,100.0,0.05,-1.766137719154358,-1.10195791721344,-0.0049056666903197765,0.0,0.0,-0.9111222106639016,0.4121362847832314,7,1,6,-0.8258266600702555,-0.7282934712522187,1.0,-0.6424478536094939,4968,0,0.040758240376543235,0.17446545319207715,98,142,0.19771886797975827,1.0,1.0,0.20614239193760664
67,1791139773.93914,-1.7767958641052246,-1.0878074169158936,2.7311780247121824,84.9022717948164,80.79943675147548,0.05,-1.7767958641052246,-1.0878074169158936,-0.00450468435883522,0.0,0.0,-0.847976290501711,0.5300341599811826,7,1,6,-0.8225491030973896,-0.733102189438293,1.0,-0.5886013471704994,5009,0,0.044734133332715594,-0.018861159203920026,134,130,0.19836122482201501,1.0,1.0,0.22551853757131468
68,1791139774.4401355,-1.7888784408569336,-1.0949044227600098,2.911551794814378,84.8022717948164,80.79943675147548,0.05,-1.7888784408569336,-1.0949044227600098,-0.000939961988478899,0.0,0.0,-0.79679269083566,0.6042527681615272,7,1,6,-0.8407008722493834,-0.7094862692273602,1.0,-0.547944342387468,5023,0,0.023442528104697446,-0.03111559731558172,73,65,0.1983133193024851,1.0,1.0,0.11820954934923367
69,1791139774.9399207,-1.7960693836212158,-1.092574119567871,3.041440685922213,84.70227179481641,80.79943675147548,0.05,-1.7960693836212158,-1.092574119567871,0.00020069160382263362,0.0,0.0,-0.7558976523042356,0.6546898038315131,7,1,6,-0.8343739479952832,-0.6856699924511503,1.0,-0.5278689644205083,5013,0,0.03061603607095655,-0.008829006719235463,91,89,0.1967449259998394,1.0,1.0,0.1556128368514141
70,1791139775.4397757,-1.7926424741744995,-1.0853689908981323,-3.108576846215433,84.60227179481642,83.13250865020555,0.05,-1.7926424741744995,-1.0853689908981323,-0.012975521385669708,0.0,0.0,-0.7106630782989465,0.7035325075237572,7,1,6,-0.8282266620563012,-0.6678165283862931,1.0,-0.5392809155181162,4998,0,0.03806004893225833,0.12483699575233864,97,128,0.1982767756934838,1.0,1.0,0.19195414490245388
71,1791139775.939431,-1.7986466884613037,-1.0901391506195068,-3.0806558658728784,84.50227179481642,83.13250865020555,0.05,-1.7986466884613037,-1.0901391506195068,0.0035985882859677076,0.0,0.0,-0.7007724873547297,0.7133848337094538,7,1,6,-0.8374615520844721,-0.6364711214096743,1.0,-0.5397636238960055,4976,0,0.02553550575051161,-0.02332830828380868,78,72,0.18590252761760118,1.0,1.0,0.13735964797120875
72,1791139776.4392211,-1.7969964742660522,-1.0826719999313354,-3.068527430794494,84.40227179481643,83.13250865020555,0.05,-1.7969964742660522,-1.0826719999313354,0.00213454756885767,0.0,0.0,-0.6964335077276828,0.7176213272430771,7,1,6,-0.8310188771304846,-0.6163214040847762,1.0,-0.5319885602149491,4987,0,0.028757885130262086,0.17422045083512774,63,107,0.16391188236105975,1.0,1.0,0.17544722637566418
73,1791139776.9396765,-1.7962521314620972,-1.0775952339172363,-3.0145045422919643,84.30227179481643,89.70445247964484,0.05,-1.7962521314620972,-1.0775952339172363,-0.005626257508993149,0.0,0.0,-0.676797826512569,0.7361689357938588,7,1,6,-0.8327381734460171,-0.6012901475794192,1.0,-0.5492051154651891,4973,0,0.023248092778825048,0.3078385817957203,30,107,0.1406561565671262,1.0,1.0,0.16528315109854588
74,1791139777.439334,-1.7992225885391235,-1.0699654817581177,-2.9668637861837546,84.20227179481644,98.2424814549409,0.05,-1.7992225885391235,-1.0699654817581177,-0.003918307367712259,0.0,0.0,-0.6590716604505058,0.7520801462550472,7,1,6,-0.8337265606797855,-0.6046915108958462,1.0,-0.453578396739971,4955,0,0.011837025666886321,0.3980831377664961,-15,85,0.0742412369600299,1.0,1.0,0.1594400383342098
75,1791139777.9398808,-1.7922451496124268,-1.0599032640457153,-2.9110720260851943,84.10227179481645,79.04191820641638,0.05,-1.7922451496124268,-1.0599032640457153,-0.0065813222900033,0.0,0.0,-0.637838022221686,0.7701705378734817,7,1,6,-0.8298818952388017,-0.602660714510532,1.0,-0.4799061872773408,4946,0,0.011201240045812157,0.5821394319239722,-40,106,0.06148824773738959,1.0,1.0,0.1821687957941423
76,1791139778.4396029,-1.8086658716201782,-1.0573160648345947,-2.8547747980117366,84.00227179481645,79.04191820641638,0.05,-1.8086658716201782,-1.0573160648345947,0.0017294452991336584,0.0,0.0,-0.6159089747677091,0.7878173232422536,7,1,6,-0.8358698880297044,-0.6090500705755941,1.0,-0.5063955594014659,4805,0,0.008427690072877834,0.6072971814628724,-51,101,0.05742138384180226,1.0,1.0,0.14676919135380626
77,1791139778.9394722,-1.8097739219665527,-1.0506972074508667,-2.7671384223366084,83.90227179481646,65.49424619447218,0.05,-1.8097739219665527,-1.0506972074508667,-7.579114753752947e-05,0.0,0.0,-0.5808081047240756,0.8140405060479652,7,1,6,-0.8365711131521425,-0.6228970011525636,1.0,-0.5278271400321002,4778,0,0.009084476918910645,0.6178021641445431,-51,104,0.06369541712812878,1.0,1.0,0.14262371342409835
78,1791139779.4396043,-1.8008009195327759,-1.0444610118865967,-2.6812235139901075,83.80227179481646,69.98254281106114,0.05,-1.8008009195327759,-1.0444610118865967,-0.008650720119476318,0.0,0.0,-0.545313938353931,0.8382318943090421,7,1,6,-0.836901685541288,-0.6204308005726109,1.0,-0.5986300105790356,4785,0,0.009976177817088159,0.6212533885246084,-48,107,0.07091929351212814,1.0,1.0,0.14066944724120947
79,1791139779.9391375,-1.8113750219345093,-1.040153980255127,-2.648663972818907,83.70227179481647,69.98254281106114,0.05,-1.8113750219345093,-1.040153980255127,-0.004179293755441904,0.0,0.0,-0.5315960572533566,0.8469980117524988,7,1,6,-0.8359539437805201,-0.6547399936703784,1.0,-0.626142225670108,4788,0,0.011873787039490435,0.6240356376275573,-43,113,0.08117592454613233,1.0,1.0,0.1462722735328078
80,1791139780.4404445,-1.8172794580459595,-1.037642002105713,-2.5756627325982,83.60227179481647,75.6904830351332,0.05,-1.8172794580459595,-1.037642002105713,-0.0001604431599844247,0.0,0.0,-0.5003328868563244,0.865833126144996,7,1,6,-0.8437442160676845,-0.685179143281424,1.0,-0.6442389955421881,4728,0,0.008384675343044738,0.6259905623587837,-54,103,0.08366435110921643,1.0,1.0,0.10021801677633624
81,1791139780.9399905,-1.8213703632354736,-1.0281203985214233,-2.5444324417060864,83.50227179481648,69.98254281106114,0.05,-1.8213703632354736,-1.0281203985214233,-0.0006877143168821931,0.0,0.0,-0.4867523285570993,0.8735400223482847,7,1,6,-0.834799250535742,1.0,-0.7105506286086306,-0.6495047707981281,4742,0,0.000910015599605169,0.16420165550398835,-18,23,0.005943985816258147,1.0,1.0,0.15309854830340786
82,1791139781.440063,-1.8246017694473267,-1.023969292640686,-2.5734906584131316,83.40227179481649,64.4573729934261,0.05,-1.8246017694473267,-1.023969292640686,2.3182985387393273e-05,0.0,0.0,-0.49939226508480616,0.8663759954970283,7,1,6,-0.8358397980821847,1.0,-0.7329294401664814,-0.6424027473901003,4757,0,-0.0052083116045357186,0.5622595189675063,-86,55,-0.006895422139195849,1.0,1.0,0.7553288978393303
83,1791139781.9397554,-1.8178584575653076,-1.021962285041809,-2.4427086096547113,83.30227179481649,64.4573729934261,0.05,-1.8178584575653076,-1.021962285041809,-0.0008290188852697611,0.0,0.0,-0.4417121005523267,0.8971568537472426,7,1,6,-0.8417149266434991,1.0,-0.7519372116300665,-0.649387016386079,4767,0,-0.048272499850083306,0.5853227048962502,-216,-69,-0.07507860985597573,1.0,1.0,0.64295942536343
84,1791139782.4396567,-1.8282095193862915,-1.015700101852417,-2.1912915553652357,83.2022717948165,63.530315106932555,0.05,-1.8282095193862915,-1.015700101852417,-0.001410598517395556,0.0,0.0,-0.3257431231511152,0.9454583109369536,7,1,6,-0.8556637893185332,1.0,-0.7925740414805275,-0.4923338471078115,4389,0,-0.040951104235415065,0.5119617817414688,-185,-57,-0.10168527146025977,1.0,1.0,0.40272404889452856
85,1791139782.9396532,-1.8433914184570312,-0.9913456439971924,-1.9724521184528587,83.1022717948165,64.4573729934261,0.05,-1.8433914184570312,-0.9913456439971924,-0.009566375985741615,0.0,0.0,-0.2205495863909811,0.9753757634587642,7,1,6,-0.8271779005975616,1.0,-0.8392525447480993,-0.5589379511471964,4392,0,-0.0146361920378761,0.45012975689289514,-100,13,-0.11545313064173848,1.0,1.0,0.1267717207538835
86,1791139783.439436,-1.8667064905166626,-0.9987711310386658,-1.7889733854804974,82.95798136547685,96.08866604055228,0.07214521466982055,-1.8667064905166626,-0.9987711310386658,-0.005662559065967798,0.0,0.0,-0.13026725751381307,0.9914789163768587,7,1,6,-0.8371125872647553,-0.8658399473117004,1.0,-0.6432433678448254,4381,2609,0.0012362141145586263,0.4139679045679592,-48,56,0.008866666579101144,1.0,1.0,0.13942264587600486
87,1791139783.939367,-1.8713314533233643,-1.0006736516952515,-1.6044457748351868,82.85798136547686,96.08866604055228,0.05,-1.8713314533233643,-1.0006736516952515,0.004648375324904919,0.0,0.0,-0.03836530615282929,0.9992637806324213,7,1,6,-0.5842512316898341,-0.8649633842075684,-0.8448990339345281,-0.6777186755018061,4412,4122,-0.0,0.5594526533305718,-70,70,-1.1939552775495343e-05,1.0,1.0,0.0
88,1791139784.4399426,-1.8585525751113892,-0.9846406579017639,-1.3653285383626206,82.75798136547687,73.89387677050887,0.05,-1.8585525751113892,-0.9846406579017639,0.0016340119764208794,0.0,0.0,0.08109474546379522,0.9967063972194431,7,1,6,-0.7451516311634663,-0.8403786616175065,-0.8502867225670491,1.0,4049,4162,0.00868589685537441,0.5611062031696084,-45,96,0.012715891046177267,1.0,1.0,0.6830741804748021
89,1791139784.9399064,-1.8710557222366333,-0.9873507022857666,-1.4581653685668878,82.65798136547687,73.89387677050887,0.05,-1.8710557222366333,-0.9873507022857666,-0.006063907872885466,0.0,0.0,0.03475847638756439,0.9993957415954978,7,1,6,-0.639344454058038,-0.8517474894708671,-0.8494200343571725,-0.7641316430542435,4358,4189,-0.00759773358010947,0.553716931668322,-92,47,-0.1436121077187756,1.0,1.0,0.052904547539873996
90,1791139785.4400918,-1.869281530380249,-0.9698103070259094,-1.5107422219750455,82.55798136547688,73.89387677050887,0.05,-1.869281530380249,-0.9698103070259094,-0.007861817255616188,0.0,0.0,0.008476950882869443,0.9999640700063825,7,1,6,-0.6643288672420322,-0.8725155366147737,-0.8412560278948032,-0.8249040846401516,4357,4211,-0.0,0.34133649638101604,-43,43,-0.1816295079943986,1.0,1.0,0.0
91,1791139785.939943,-1.8701915740966797,-0.9618046283721924,-1.481052866258273,82.45798136547688,73.89387677050887,0.05,-1.8701915740966797,-0.9618046283721924,-0.0042912960052490234,0.0,0.0,0.02331961619889618,0.999728060774697,7,1,6,-0.6834451956567034,-0.8535528581072123,-0.8422085161922874,-0.8444834422109688,4371,4261,-0.007675436487621329,0.17286428983219765,-44,-1,-0.18174614502605202,1.0,1.0,0.04223163295442173
92,1791139786.4393373,-1.8841140270233154,-0.9781145453453064,-1.449909444351966,82.35798136547689,73.89387677050887,0.05,-1.8841140270233154,-0.9781145453453064,-0.002227073535323143,0.0,0.0,0.038883636279825974,0.9992437454543602,7,1,6,-0.6699999614954903,-0.8551941618502265,-0.8537659448299403,-0.8300593202379891,4378,4188,-0.005970809100423157,0.17056502730371606,-39,4,-0.18355549682608535,1.0,1.0,0.032528631414837784
93,1791139786.9393096,-1.889878511428833,-0.973882257938385,-1.4890657104446978,82.2579813654769,75.97014901102386,0.05,-1.889878511428833,-0.973882257938385,-0.0065464782528579235,0.0,0.0,0.019314107168003598,0.9998134652345421,7,1,6,-0.7385653656683827,-0.8675569786147842,-0.8301719415260905,-0.8156523082181615,4349,4250,-0.0,0.1639699317688818,-21,21,-0.19628045369669295,1.0,1.0,0.0
94,1791139787.4403994,-1.8834187984466553,-0.9677941799163818,-1.3945317309015073,82.1579813654769,75.97014901102386,0.05,-1.8834187984466553,-0.9677941799163818,-0.007584427483379841,0.0,0.0,0.06653311338304264,0.9977842175658819,7,1,6,-0.7523173934389321,-0.8671712964252245,-0.8248148082154577,-0.8311656492408268,1060,4250,-0.0,-0.059185956449687896,7,-7,-0.19297261196004512,1.0,1.0,0.0
95,1791139787.9403133,-1.8899134397506714,-0.9625334739685059,-1.3855544312486887,82.0579813654769,80.79943675147547,0.05,-1.8899134397506714,-0.9625334739685059,-0.000503825896885246,0.0,0.0,0.07101113204585537,0.9974755230709003,7,1,6,-0.7586587008527172,-0.8792378242017252,-0.8326426708643155,-0.8288369511106017,0,4239,-0.0,0.02072550805166065,-3,3,-0.19345308345006382,1.0,1.0,0.0
96,1791139788.440063,-1.9248173236846924,-0.9784790873527527,-1.3347391371868342,81.8970214547497,79.12152570478064,0.08047995536360264,-1.9248173236846924,-0.9784790873527527,-0.009874858893454075,0.0,0.0,0.09632899206934144,0.9953495492975846,7,1,6,-0.7173578336503755,-0.8926666139513502,-0.8266636493387436,-0.8147425851614419,0,4234,-0.0,0.03250007941499472,-4,4,-0.1930121572730493,1.0,1.0,0.0
97,1791139788.9400322,-1.880549669265747,-0.9630185961723328,-1.331573620691382,81.79702145474971,79.12152570478064,0.05,-1.880549669265747,-0.9630185961723328,-0.0015270008007064462,0.0,0.0,0.09790426846210781,0.9951958371179511,7,1,6,-0.7561263481443147,-0.8355431498195519,-0.8418813292643255,-0.8249053333810722,0,2152,-0.02757483235507144,0.038477252382821674,-86,-76,-0.18543837064882232,1.0,1.0,0.1487007907726489
98,1791139789.4402206,-1.868465781211853,-0.970426082611084,-1.3181780036320676,81.69702145474972,79.12152570478064,0.05,-1.868465781211853,-0.970426082611084,-0.011845797300338745,0.0,0.0,0.10456765377551792,0.9945177754992032,7,1,6,-0.7309456471365845,1.0,-0.7984110624588904,-0.8337833817750246,0,0,-0.06583916014842456,0.1473163138946222,-213,-176,-0.17880534663561679,1.0,1.0,0.368216954287148
99,1791139789.9398477,-1.8933683633804321,-0.9765065908432007,-1.392638556261597,81.58669189856947,78.04962774824513,0.05516477809012193,-1.8933683633804321,-0.9765065908432007,-0.007793873082846403,0.0,0.0,0.06747757332264442,0.9977207911527589,7,1,6,1.0,1.0,-0.7779138944066872,-0.8254975212913763,0,0,-0.19917545866920972,0.35790143091945714,-500,-410,-0.19917545866920972,1.0,1.0,1.0
100,1791139790.4400985,-1.9559268951416016,-0.995187520980835,-1.632700898670762,81.30756151784595,77.49494278941499,0.1395651903617544,-1.9559268951416016,-0.995187520980835,-0.003215156029909849,0.0,0.0,-0.052478168924142664,0.9986220715497776,7,1,6,-0.663598492266235,1.0,-0.7518781434269104,-0.835658408115751,0,0,-0.19692744479676622,-0.255197088764258,-436,-500,-0.19692744479676622,1.0,1.0,1.0
101,1791139790.939664,-2.0103583335876465,-0.9861652255058289,-1.950787835617282,81.05323815694253,80.37994676274066,0.12716168045171677,-2.0103583335876465,-0.9861652255058289,-0.0023100893013179302,0.0,0.0,-0.20997144580230134,0.9777075186105971,7,1,6,-0.6697374876945565,1.0,-0.5570885080295915,-0.8394425230134038,0,0,-0.1907784604513596,-0.032562320798874986,-492,-500,-0.1907784604513596,1.0,1.0,1.0
102,1791139791.4396768,-2.0579898357391357,-0.9735562205314636,-2.3369074779744246,80.81258797700204,84.42116237193234,0.12032508997024147,-2.0579898357391357,-0.9735562205314636,0.0034205352421849966,0.0,0.0,-0.3936562133103612,0.9192577362862645,7,1,6,-0.5797419951784923,-0.4243721199110926,-0.5564171306386978,-0.8182712781628181,0,0,-0.18355086891964714,0.052548474679049974,-500,-487,-0.18355086891964714,1.0,1.0,1.0
103,1791139791.939917,-2.0889296531677246,-0.9326002597808838,-2.7233034565841763,80.63791659816029,84.42116237193234,0.08733568942087719,-2.0889296531677246,-0.9326002597808838,-0.0010474964510649443,0.0,0.0,-0.5628283167248644,0.8265738236193158,7,1,6,-0.5554756693448866,-0.4524209269554066,-0.5461978101439412,-0.8288580979835469,0,0,-0.19403130876827973,0.20220944013865239,-500,-449,-0.19403130876827973,1.0,1.0,1.0
104,1791139792.4400084,-2.1017725467681885,-0.8886853456497192,3.1320796425683515,80.5379165981603,64.95399495220103,0.05,-2.1017725467681885,-0.8886853456497192,-0.007612970191985369,0.0,0.0,-0.7254614879904001,0.6882627619178263,7,1,6,-0.5679201527811757,-0.5110999896663266,1.0,-0.8443314601094303,0,0,-0.1392212104436302,0.08930586580357283,-422,-399,-0.1392212104436302,1.0,1.0,1.0
105,1791139792.9397922,-2.0923001766204834,-0.8466561436653137,2.478380787187774,80.4379165981603,66.42702535148636,0.05,-2.0923001766204834,-0.8466561436653137,-0.005956858862191439,0.0,0.0,-0.9080287452014556,0.41890786324425805,7,1,6,-0.5615782615293272,-0.45710270919597884,-0.5505976397796575,-0.8602551977349816,0,0,-0.0003191584697920114,0.4274981116121553,-55,53,-0.12233083530460909,1.0,1.0,0.0026089780961381726
106,1791139793.4393554,-2.1034533977508545,-0.8603087663650513,2.4620854371097973,80.3379165981603,61.57885628585091,0.05,-2.1034533977508545,-0.8603087663650513,0.005142198875546455,0.0,0.0,-0.9114116931797456,0.4114957175174843,7,1,6,-0.5551213796261292,-0.42160749349802407,-0.5558139202871921,-0.8473044987831686,0,0,0.15579410985438763,-0.6028234324300519,500,349,0.15579410985438763,1.0,1.0,1.0
107,1791139793.9399533,-2.1195192337036133,-0.8874787092208862,2.506769818091909,80.23791659816031,64.31687789078943,0.05,-2.1195192337036133,-0.8874787092208862,-0.00826030969619751,0.0,0.0,-0.9019912755210352,0.4317542575168611,7,1,6,-0.5502262867027554,-0.35011112663281974,-0.5655289723492469,-0.8375575286178084,0,0,0.1982238792220396,-0.13367605725842696,500,466,0.1982238792220396,1.0,1.0,1.0
108,1791139794.439188,-2.16847825050354,-0.9547845721244812,2.45729813873427,80.03634787400269,65.23860514354858,0.10078436207881053,-2.16847825050354,-0.9547845721244812,0.005884629208594561,0.0,0.0,-0.9123940576380513,0.40931294089824766,7,1,6,-0.575477974905924,-0.7828874709195146,-0.5718301556704148,-0.5688436676089532,0,0,0.18579554824124858,-0.1698789215382112,500,457,0.18579554824124858,1.0,1.0,1.0
109,1791139794.9392142,-2.2113494873046875,-1.010230302810669,2.4102294296282096,79.8735843819988,61.76469236140955,0.08138174600194789,-2.2113494873046875,-1.010230302810669,-0.0041136289946734905,0.0,0.0,-0.9217734240225528,0.38772897075887813,7,1,6,-0.5847143586264789,-0.7468183230267915,-0.5852900974860733,-0.5839347097282312,0,0,0.1982477501584309,-0.06607706312985828,500,483,0.1982477501584309,1.0,1.0,1.0
110,1791139795.4392154,-2.246377944946289,-1.061800479888916,2.415380515808641,79.73798828964696,60.89256461821963,0.0677980461759136,-2.246377944946289,-1.061800479888916,-0.005891825072467327,0.0,0.0,-0.920771755200613,0.3901017493228944,7,1,6,-0.6169839861641092,-0.7774954561273568,-0.587019517804835,-0.5983218764761021,0,0,0.19778420023668175,-0.22810731276697657,500,443,0.19778420023668175,1.0,1.0,1.0
111,1791139795.9396577,-2.3018336296081543,-1.1210782527923584,2.3660971219400704,79.55088568109089,57.75623048764936,0.09355130427803696,-2.3018336296081543,-1.1210782527923584,-0.0038708725478500128,0.0,0.0,-0.9301040132276754,0.36729623545276374,7,1,6,-0.7116038057807619,-0.728662184219037,-0.6090298827581562,-0.6100740739423296,0,0,0.17435364837946798,-0.1755641534260839,500,456,0.19781420980907383,1.0,1.0,0.8814010305313784
112,1791139796.4396715,-2.3499810695648193,-1.1731340885162354,2.326194713011305,79.38570443966874,58.63518265858043,0.08259062071107087,-2.3499810695648193,-1.1731340885162354,-0.002332611009478569,0.0,0.0,-0.937246421306152,0.34866767235981455,7,1,6,-0.8201342543987904,-0.7010243790307606,-0.6320867856131522,-0.6086092622966377,4285,0,0.04741008388253517,-0.2102301432435237,166,113,0.19771126123655136,1.0,1.0,0.2397945548777388
113,1791139796.9399068,-2.3466238975524902,-1.1663317680358887,2.287693393132029,79.28570443966875,75.97014901102386,0.05,-2.3466238975524902,-1.1663317680358887,-0.01047473680227995,0.0,0.0,-0.9437844288047422,0.3305615705821027,7,1,6,-0.8046797718163207,-0.7491660685837302,-0.6575734994341267,-0.6192528828201906,4987,0,0.0653163836658289,-0.20531813517923966,218,167,0.19723642266189487,1.0,1.0,0.3311578195564571
114,1791139797.43961,-2.302863836288452,-1.0605093240737915,2.313402485031218,79.18570443966875,60.60716464373118,0.05,-2.302863836288452,-1.0605093240737915,-0.20574885606765747,0.0,0.0,-0.9394573528387758,0.3426658462659503,7,1,6,-0.6747652074871484,1.0,-0.644727775189477,-0.8518169897575008,4876,2310,0.19926955458017093,-0.13173300524272505,500,467,0.19926955458017093,1.0,1.0,1.0
115,1791139797.940447,-2.296516180038452,-1.1079561710357666,2.2764841481038856,79.08570443966876,78.66564309991476,0.05,-2.296516180038452,-1.1079561710357666,-0.0627424493432045,0.0,0.0,-0.9456222689842292,0.32526685106404274,7,1,6,-0.7423878488664828,1.0,0.1201679059461469,-0.8888272502082594,4666,2274,0.13654330089235062,-0.4436244252744378,458,347,0.1952255659000303,1.0,1.0,0.6994130111128516
116,1791139798.4391844,-2.3423283100128174,-1.157863736152649,2.0758839358386476,78.8707186832712,75.44061508997302,0.1074928781987772,-2.3423283100128174,-1.157863736152649,-0.01819400116801262,0.0,0.0,-0.9734393491293782,0.228945044861365,7,1,6,-0.8672446244738852,-0.8631548392086129,0.19114655346727338,-0.5590438921208379,5020,2148,0.0,-0.11089124701106655,14,-14,0.1932692778475781,1.0,1.0,0.0
117,1791139798.9391482,-2.3528034687042236,-1.1796934604644775,1.899016749943761,78.77071868327121,47.41993085768588,0.05,-2.3528034687042236,-1.1796934604644775,-0.00975007750093937,0.0,0.0,-0.989855491431323,0.1420778169991856,7,1,6,-0.817596787967706,-0.8725419928590088,0.22795751199600156,-0.5779703037473918,4795,2066,0.049189891387915706,-0.12200508211602734,160,130,0.19305638927022473,1.0,1.0,0.2547954593673855
118,1791139799.4399445,-2.3626458644866943,-1.1764417886734009,1.9027784649834976,78.67071868327122,55.56074287053503,0.05,-2.3626458644866943,-1.1764417886734009,-0.011321652680635452,0.0,0.0,-0.9895865125901171,0.1439393417371705,7,1,6,-0.8329383515192089,1.0,0.23707756530832946,-0.850212302279516,4816,2137,0.031217595199123597,-0.11173629693732706,106,78,0.1902354882831537,1.0,1.0,0.1640997454305589
119,1791139799.939525,-2.352048873901367,-1.1768293380737305,1.902855164022892,78.57071868327122,61.34412540621651,0.05,-2.352048873901367,-1.1768293380737305,-0.019627273082733154,0.0,0.0,-0.989580991857812,0.14397729179877305,7,1,6,-0.8250828675576152,1.0,0.2633634722515603,-0.8071040242515756,4792,2154,0.03538754546729455,-0.3146377646153865,144,65,0.16808030036053098,1.0,1.0,0.21053951826233372
120,1791139800.4394822,-2.3479485511779785,-1.1847819089889526,1.9486721874166149,78.47071868327123,74.04535745488637,0.05,-2.3479485511779785,-1.1847819089889526,-0.02518424764275551,0.0,0.0,-0.9860233202177572,0.16660735874129418,7,1,6,-0.8136248278091377,1.0,0.2843234724744297,-0.7847961997040858,4790,2195,0.042861185034193915,-0.17962759781146972,149,104,0.1540235917453989,1.0,1.0,0.2782767532459799
