tick,timestamp,x,y,heading,battery,wind_pct,batt_drain,raw_x,raw_y,raw_z,qx,qy,qz,qw,n_agents_seen,tracked,n_neighbors_seen,front_d,back_d,right_d,left_d,ir_front_max,ir_rear_max,v,w,left,right,v_policy,scale_corridor,scale_agent,scale_avoid
1,1791141344.260822,1.1010407209396362,-0.5284120440483093,1.5470936285975458,100.0,,,1.1010407209396362,-0.5284120440483093,-0.0008963186992332339,0.0,0.0,0.9999877420960943,0.004951328867604939,7,1,6,-0.616779692180987,1.0,-0.5866533853813409,-0.599371085140032,0,3888,0.09932790905531041,-0.016813114406038925,295,291,0.09932790905531041,1.0,1.0,1.0
2,1791141344.7665486,1.0620726346969604,-0.5282928943634033,1.526150263469054,99.74285879003298,100.0,0.12857060498350817,1.0620726346969604,-0.5282928943634033,-0.0006787377060391009,0.0,0.0,0.9998810674047307,0.015422420224345795,7,1,6,-0.6204973324703575,1.0,-0.5778327821166038,-0.5972051870392551,0,3890,0.024922324361480598,0.38046712869963073,26,121,0.024922324361480598,1.0,1.0,1.0
3,1791141345.2662888,1.0451003313064575,-0.5288652181625366,1.662116355026395,99.63168076895887,100.0,0.05558901053705293,1.0451003313064575,-0.5288652181625366,-0.0012754027266055346,0.0,0.0,-0.9986190404167369,0.05253581746918597,7,1,6,-0.6545796280285843,1.0,-0.5679805414311855,-0.5958651942736655,0,3891,-0.1686704131510142,-0.4732185715806673,-381,-500,-0.1686704131510142,1.0,1.0,1.0
4,1791141345.7662065,1.0833344459533691,-0.5222137570381165,1.6792878851030082,99.53168076895888,35.759356499909295,0.05,1.0833344459533691,-0.5222137570381165,-0.0013912931317463517,0.0,0.0,-0.9981311792179305,0.06110768423875689,7,1,6,-0.6480009276847586,1.0,-0.578553499417386,-0.5992010728417477,0,3885,-0.1943846228960987,-0.44711159048136945,-388,-500,-0.1943846228960987,1.0,1.0,1.0
5,1791141346.2667718,1.1576193571090698,-0.5172385573387146,1.5703608680932408,99.43168076895888,29.32312635113289,0.05,1.1576193571090698,-0.5172385573387146,-0.0016825306229293346,0.0,0.0,-0.9999776737125633,0.006682220918999889,7,1,6,-0.5829869091686837,1.0,-0.606692744000348,-0.6047892204430877,0,3885,-0.10627861918996451,-0.5454980101057864,-245,-382,-0.10627861918996451,1.0,1.0,1.0
6,1791141346.766898,1.208620309829712,-0.5201404094696045,1.3521182788706652,99.33168076895889,34.213167878761155,0.05,1.208620309829712,-0.5201404094696045,-0.0012646443210542202,0.0,0.0,0.9947577098662527,0.10225995629594326,7,1,6,-0.529846264208961,1.0,-0.6169687171419566,-0.5993647117254592,0,3894,-0.018197633609340586,-0.5408608880985304,14,-121,-0.018197633609340586,1.0,1.0,1.0
7,1791141347.266206,1.2244057655334473,-0.5253115296363831,1.1280300510553642,99.2316807689589,47.80290361582374,0.05,1.2244057655334473,-0.5253115296363831,-0.001200772589072585,0.0,0.0,0.9770865349103336,0.21284243772546277,7,1,6,-0.14115078713854612,1.0,-0.6129267541520521,-0.6018025196274482,0,3885,-0.026026979799837497,-0.541353757581065,-9,-145,-0.026026979799837497,1.0,1.0,1.0
8,1791141347.7669485,1.2323583364486694,-0.5310962796211243,0.8648096004985488,99.1316807689589,35.727029434094874,0.05,1.2323583364486694,-0.5310962796211243,-0.001808425411581993,0.0,0.0,0.9407051183954861,0.3392254121149158,7,1,6,-0.08453665580124237,1.0,-0.5927991892146012,-0.6076297241198091,0,3884,-0.04353575296035631,-0.469868012542511,-69,-187,-0.04353575296035631,1.0,1.0,1.0
9,1791141348.2666047,1.2497329711914062,-0.5468940138816833,0.6430773381415866,99.0316807689589,36.22883711912216,0.05,1.2497329711914062,-0.5468940138816833,0.0012164645595476031,0.0,0.0,0.8973981803298825,0.44122160638460983,7,1,6,-0.1650411699342399,1.0,-0.5788729199686414,-0.6157617159873336,0,3883,-0.026934764337861086,-0.5504247302802819,-10,-148,-0.026934764337861086,1.0,1.0,1.0
10,1791141348.7665303,1.2582178115844727,-0.557733952999115,0.3875992295058497,98.93168076895891,46.39445675161512,0.05,1.2582178115844727,-0.557733952999115,-0.0006997212185524404,0.0,0.0,0.8338785092558877,0.5519480336056815,7,1,6,-0.15651188992938603,1.0,-0.5968953215100219,-0.6079735315566128,0,3889,-0.02089928186175125,-0.3423623652026041,-19,-105,-0.02089928186175125,1.0,1.0,1.0
11,1791141349.2667332,1.26450514793396,-0.573735237121582,0.2225646014922389,98.83168076895892,46.39445675161512,0.05,1.26450514793396,-0.573735237121582,0.0031143834348767996,0.0,0.0,0.7855475360629642,0.6188013159208745,7,1,6,-0.13340864076438552,-0.6133297224489338,-0.5853874621412859,-0.44497517316643576,0,3888,-0.027098166670227408,-0.4179488990272028,-28,-132,-0.027098166670227408,1.0,1.0,1.0
12,1791141349.766336,1.265292763710022,-0.5819304585456848,0.04328365954335789,98.73168076895892,62.895635986577055,0.05,1.265292763710022,-0.5819304585456848,0.0009478942956775427,0.0,0.0,0.7269981647120837,0.686639402092002,7,1,6,-0.5833484650479692,-0.5770195057121971,1.0,-0.41026016728384385,0,3888,-0.0982635767298706,-0.5949537480634249,-215,-364,-0.0982635767298706,1.0,1.0,1.0
13,1791141350.265716,1.2628910541534424,-0.6228020787239075,-0.18260619674938106,98.63168076895893,60.73565132492796,0.05,1.2628910541534424,-0.6228020787239075,6.959355960134417e-05,0.0,0.0,0.6449784358831293,0.764200770246767,7,1,6,-0.5482470809157365,-0.5746927573198637,1.0,-0.37915876659906966,0,3880,-0.022705847479635236,-0.47855574003808227,-7,-127,-0.022705847479635236,1.0,1.0,1.0
14,1791141350.7664192,1.2578551769256592,-0.6461768746376038,-0.39676829054973783,98.53168076895894,56.50171357883003,0.05,1.2578551769256592,-0.6461768746376038,0.0003377220709808171,0.0,0.0,0.5596090698941402,0.8287567127282984,7,1,6,-0.52808665036939,-0.5439634986826007,1.0,0.12973058034843832,0,3884,-0.019242794382456394,-0.44318954285883294,-1,-112,-0.019242794382456394,1.0,1.0,1.0
15,1791141351.2659173,1.2551542520523071,-0.6545738577842712,-0.6099743095187566,98.43168076895894,80.29956371518377,0.05,1.2551542520523071,-0.6545738577842712,0.004888385999947786,0.0,0.0,0.4682516041249499,0.8835951761040862,7,1,6,-0.5328701642965428,-0.48955578200700767,1.0,-0.24222362430100797,0,3885,-0.027320290294648764,-0.4995634515473095,-18,-143,-0.027320290294648764,1.0,1.0,1.0
16,1791141351.766802,1.2453924417495728,-0.6627070903778076,-0.8321192286866266,98.33168076895895,83.05653569044934,0.05,1.2453924417495728,-0.6627070903778076,-7.925863610580564e-05,0.0,0.0,0.36742472719469893,0.9300532618328378,7,1,6,-0.5146138591564351,-0.4273415606170904,1.0,0.1334659903982942,0,3883,-0.045972482782349104,-0.35488740073219444,-91,-180,-0.045972482782349104,1.0,1.0,1.0
17,1791141352.2664225,1.2290486097335815,-0.6764423251152039,-1.0180540786190702,98.23168076895895,85.11228131079477,0.05,1.2290486097335815,-0.6764423251152039,0.002982470439746976,0.0,0.0,0.27949789601540875,0.9601463045405944,7,1,6,-0.4889508279660012,-0.3908028596037283,1.0,0.1429914964359238,0,3895,-0.08905131985797302,-0.17798302328238588,-240,-285,-0.08905131985797302,1.0,1.0,1.0
18,1791141352.7658877,1.1918314695358276,-0.6950723528862,-1.118281813349066,98.09852385123695,66.05208285560899,0.06657845886099897,1.1918314695358276,-0.6950723528862,0.0004959253128618002,0.0,0.0,0.2310504969296187,0.9729417597516186,7,1,6,-0.45309789303099834,-0.3643973079565157,1.0,0.19563755792174176,0,3883,-0.1793054050044297,0.08824417475371911,-500,-478,-0.1793054050044297,1.0,1.0,1.0
19,1791141353.2662456,1.1360012292861938,-0.7268509268760681,-1.126459515529345,97.87037478288676,71.86127575085139,0.1140745341750952,1.1360012292861938,-0.7268509268760681,-0.001832098700106144,0.0,0.0,0.22707036261004868,0.9738783550444794,7,1,6,-0.394939356170519,-0.23990859315173962,-0.34299295630961557,0.23959806210852896,0,3880,-0.15867340539888578,-0.5816377811308165,-354,-500,-0.15867340539888578,1.0,1.0,1.0
20,1791141353.7664943,1.072228193283081,-0.7491604089736938,-1.2845068410804286,97.61485164703438,71.84525262675842,0.12776156792618334,1.072228193283081,-0.7491604089736938,0.00019035713921766728,0.0,0.0,0.14948237276717988,0.988764390657296,7,1,6,-0.3381188499816743,-0.24428208776679283,-0.3043462317141792,0.2781839402122208,0,3885,-0.07044588909774831,-0.5578957746496517,-138,-278,-0.07044588909774831,1.0,1.0,1.0
21,1791141354.2662768,1.0343276262283325,-0.7589532136917114,-1.5010830904089425,97.50647596686069,56.80603358778964,0.054187840086846836,1.0343276262283325,-0.7589532136917114,0.0006492738029919565,0.0,0.0,0.04174448467206273,0.999128319085924,7,1,6,-0.3050246182428581,-0.24566339485688016,-0.257293420471555,0.29870890729319455,0,3882,-0.04864151759854894,-0.5596036594140211,-73,-214,-0.04864151759854894,1.0,1.0,1.0
22,1791141354.765805,1.0095696449279785,-0.7594496011734009,-1.74854190501499,97.4064759668607,56.80603358778964,0.05,1.0095696449279785,-0.7594496011734009,0.002038071397691965,0.0,0.0,-0.08188101673486342,0.9966421118427944,7,1,6,1.0,0.13548825116172547,-0.20767436680516826,-0.28855540127495793,0,3875,-0.043724631021398,-0.40501960543789495,-78,-180,-0.043724631021398,1.0,1.0,1.0
23,1791141355.2663238,0.9873046278953552,-0.7512784600257874,-1.9364054661431396,97.3064759668607,65.560416546849,0.05,0.9873046278953552,-0.7512784600257874,-0.001886570593342185,0.0,0.0,-0.17499882000485154,0.9845686431107328,7,1,6,1.0,0.1612697397452192,-0.159799928241536,-0.277395505492287,0,3889,-0.1492948155641369,-0.546363086615298,-363,-500,-0.1492948155641369,1.0,1.0,1.0
24,1791141355.766686,0.9343287944793701,-0.7322378158569336,-2.0355071497852224,97.07916755444741,75.46550962602052,0.11365420620664682,0.9343287944793701,-0.7322378158569336,-0.0031699950341135263,0.0,0.0,-0.2235502714220885,0.9746924007845299,7,1,6,1.0,0.16450651011741568,-0.1548892129622077,-0.24687540939967967,0,3884,-0.110625971825119,-0.4419596778038343,-271,-382,-0.110625971825119,1.0,1.0,1.0
25,1791141356.2659829,0.8852331042289734,-0.7006328701972961,-2.2142102190670694,96.87466575720816,72.49456641632123,0.10225089861962094,0.8852331042289734,-0.7006328701972961,-0.0007034686859697104,0.0,0.0,-0.3096329105406007,0.9508561724625635,7,1,6,1.0,0.13903021989644881,-0.1213873663474132,-0.2344254765099386,0,3900,-0.14428552177277726,-0.18487791289316288,-402,-449,-0.14428552177277726,1.0,1.0,1.0
26,1791141356.7667763,0.8407931923866272,-0.6684327721595764,-2.300528662897745,96.70461985338596,67.67614726295443,0.08502295191110178,0.8407931923866272,-0.6684327721595764,-0.0006284849951043725,0.0,0.0,-0.3503700491407196,0.9366113541192684,7,1,6,1.0,0.08289489808755923,-0.07085130535601059,-0.2154506932330077,0,3886,-0.18724724806005172,0.29841397814242665,-500,-425,-0.18724724806005172,1.0,1.0,1.0
27,1791141357.2662761,0.7868403196334839,-0.6198453903198242,-2.252204007021603,96.49141730893395,67.67614679710347,0.10660127222600752,0.7868403196334839,-0.6198453903198242,-0.000662822974845767,0.0,0.0,-0.3276392692131871,0.9448028944014982,7,1,6,1.0,0.005241032696442938,-0.027354986813251214,-0.1961547181862774,0,3887,-0.1982497964071561,0.39514788235701565,-500,-401,-0.1982497964071561,1.0,1.0,1.0
28,1791141357.7658248,0.7308892607688904,-0.5822535157203674,-2.1404360296294804,96.28139469145846,66.8804392927606,0.10501130873774112,0.7308892607688904,-0.5822535157203674,-0.0009529298404231668,0.0,0.0,-0.2743559140001907,0.9616282194554816,7,1,6,1.0,-0.06911794010523897,0.015803698769335517,-0.15537140654013415,0,3882,-0.1995430816961077,0.39132981296155356,-500,-402,-0.1995430816961077,1.0,1.0,1.0
29,1791141358.2660782,0.6689850687980652,-0.5469064116477966,-2.0238562860693166,95.93701891854508,88.21992088969617,0.17218788645668762,0.6689850687980652,-0.5469064116477966,-0.0014640588779002428,0.0,0.0,-0.21786850622140053,0.9759781319255343,7,1,6,1.0,-0.14962550908830186,0.05117472651870658,-0.1164152070030916,0,3884,-0.19938530596738457,0.3610665849025464,-500,-409,-0.19938530596738457,1.0,1.0,1.0
30,1791141358.7663772,0.6054592132568359,-0.5219519734382629,-1.9223679440373318,95.63251577657954,80.86630869300384,0.1522515709827692,0.6054592132568359,-0.5219519734382629,-0.0012753074988722801,0.0,0.0,-0.1680841142304829,0.9857726566218775,7,1,6,-0.06383559092279278,-0.22702221700605862,0.08175556917587046,0.4693986516327002,0,3886,-0.13852354749132373,0.16297356935101723,-429,-388,-0.13852354749132373,1.0,1.0,1.0
31,1791141359.2668498,0.5380042791366577,-0.5010457634925842,-1.8461769026209824,95.37810538466633,68.95486212935779,0.12720519595660348,0.5380042791366577,-0.5010457634925842,0.00011404859105823562,0.0,0.0,-0.13041772143593977,0.9914591357869762,7,1,6,-0.006324663532324526,-0.30469303193182073,0.1048395658730561,0.49723755660647506,0,3882,-0.1756289528893402,0.11753074890948788,-500,-471,-0.1756289528893402,1.0,1.0,1.0
32,1791141359.7663333,0.4722214639186859,-0.48661699891090393,-1.805947141259975,95.0658444830196,80.86630869300384,0.15613045082336158,0.4722214639186859,-0.48661699891090393,-0.0016499601770192385,0.0,0.0,-0.11044960088446754,0.9938817261950548,7,1,6,0.05413569614710956,-0.374420718730859,0.126857902973192,0.5299615846194656,0,3889,-0.19285940193938728,0.16167090880007182,-500,-459,-0.19285940193938728,1.0,1.0,1.0
33,1791141360.2675843,0.39704129099845886,-0.4694115221500397,-1.7670025548620125,94.70753759800805,80.86630869300384,0.17915344250577742,0.39704129099845886,-0.4694115221500397,-0.0017529877368360758,0.0,0.0,-0.09107672856993987,0.9958438780817993,7,1,6,0.12308075566158005,0.2803703371921229,0.14250336307255984,-0.44193013452318874,0,3889,-0.18946861007384827,0.06370580429095535,-500,-484,-0.18946861007384827,1.0,1.0,1.0
34,1791141360.7660003,0.3285771608352661,-0.4588403105735779,-1.7278741437698075,94.3955513493872,78.82413148805598,0.15599312431042137,0.3285771608352661,-0.4588403105735779,-0.0011211057426407933,0.0,0.0,-0.07157764747266555,0.9974350306572749,7,1,6,0.19811787014315163,0.2763806582976889,0.1590083800898634,-0.4792096769830735,0,3887,-0.18941447893609392,0.17970052937045525,-500,-455,-0.18941447893609392,1.0,1.0,1.0
35,1791141361.2662787,0.25368791818618774,-0.4483610987663269,-1.6935537038410904,93.96856791428976,90.75828804550508,0.21349171754872065,0.25368791818618774,-0.4483610987663269,-0.002173007233068347,0.0,0.0,-0.05445174438881865,0.9985164032368296,7,1,6,0.26092275533026443,0.2818582627137174,0.17348279757039142,-0.48556271927279704,0,3890,-0.19294214099532125,0.2491969481995112,-500,-438,-0.19294214099532125,1.0,1.0,1.0
36,1791141361.7667553,0.18265296518802643,-0.4428391456604004,-1.6374814504619066,93.65629045665561,77.0348344531626,0.1561387288170757,0.18265296518802643,-0.4428391456604004,-0.0006314673228189349,0.0,0.0,-0.026439480461360607,0.9996504158319214,7,1,6,0.31566988833876186,0.26748517739405275,0.18184951376817793,-0.4398889399636394,0,3879,-0.19621297308161928,0.24636074237003303,-500,-438,-0.19621297308161928,1.0,1.0,1.0
37,1791141362.2660336,0.1085694208741188,-0.4406357407569885,-1.592474107622311,93.33041093676366,77.0348344531626,0.16293975994597573,0.1085694208741188,-0.4406357407569885,-0.0016641431720927358,0.0,0.0,-0.003938880228494372,0.999992242581184,7,1,6,0.3681339465548066,0.2731151478173022,0.17966717695989165,-0.33667208639372237,0,3893,-0.19673909389762598,0.18152952250138024,-500,-454,-0.19673909389762598,1.0,1.0,1.0
38,1791141362.7667153,0.036496084183454514,-0.4412076771259308,-1.5432934072219389,93.01365431118096,77.0348344531626,0.15837831279134812,0.036496084183454514,-0.4412076771259308,-0.0016221156110987067,0.0,0.0,0.02064999190241148,0.9997867661828848,7,1,6,0.43941815468008416,0.275068429528992,0.18800274575332376,-0.23435097022286633,0,3885,-0.19585415813265317,0.14531090412605702,-500,-464,-0.19585415813265317,1.0,1.0,1.0
39,1791141363.266422,-0.03622310981154442,-0.44625216722488403,-1.507250338992807,92.69380544941288,77.0348344531626,0.15992443088403865,-0.03622310981154442,-0.44625216722488403,-0.0020311702974140644,0.0,0.0,0.038663354730663325,0.9992522929675823,7,1,6,0.5347855158414399,0.2718582558720566,0.1736282619022913,-0.18766513106911864,0,3885,-0.19457230029092024,0.1492029941162698,-500,-463,-0.19457230029092024,1.0,1.0,1.0
40,1791141363.7659626,-0.10782232880592346,-0.45175179839134216,-1.4646342771041694,92.28654587402953,90.75828804550508,0.20362978769167323,-0.10782232880592346,-0.45175179839134216,-0.001917548943310976,0.0,0.0,0.05994506545904714,0.9982016775817953,7,1,6,0.630343917471385,0.2834317873457013,0.1836005483689198,-0.16779519284944422,0,3892,-0.1941839467984534,0.21653325135779347,-500,-446,-0.1941839467984534,1.0,1.0,1.0
41,1791141364.2665462,-0.18064148724079132,-0.46424752473831177,-1.4230825641899385,91.87131676964118,90.75828804550508,0.20761455219417388,-0.18064148724079132,-0.46424752473831177,-0.0012972811236977577,0.0,0.0,0.0806691315805812,0.9967409348521986,7,1,6,0.7316980901620291,0.2835952222671223,0.18257100661322379,0.07360811015897539,0,3898,-0.1937805943289928,0.2983731906272211,-500,-425,-0.1937805943289928,1.0,1.0,1.0
42,1791141364.765846,-0.25289011001586914,-0.47640755772590637,-1.361773167076411,91.45946462291653,90.75828804550508,0.20592607336232988,-0.25289011001586914,-0.47640755772590637,-0.0013969882857054472,0.0,0.0,0.11118123941029846,0.9938001469124413,7,1,6,0.8160936457777641,0.2699439190086994,0.18129861306683526,0.7377883630319035,0,3886,-0.1968942927236721,0.31490633274109603,-500,-421,-0.1968942927236721,1.0,1.0,1.0
43,1791141365.2663848,-0.31582045555114746,-0.4969252049922943,-1.295531762071625,91.09954697380768,90.75828804550508,0.179958824554424,-0.31582045555114746,-0.4969252049922943,0.00046332302736118436,0.0,0.0,0.14402960455739197,0.9895733792958668,7,1,6,0.8664135020890862,0.26530849929469236,0.10895396654111655,0.7484158554958391,0,3880,-0.19945982025141218,0.3533466877952046,-500,-411,-0.19945982025141218,1.0,1.0,1.0
44,1791141365.765785,-0.3885551393032074,-0.5165290832519531,-1.207007222172955,90.62157963801405,98.75547875961547,0.23898366789681363,-0.3885551393032074,-0.5165290832519531,-0.0009818675462156534,0.0,0.0,0.1876750033115444,0.9822311811035179,7,1,6,0.9136108793534077,0.2608593839662434,0.037267232030855135,0.7550901067077507,0,3886,-0.1997647703598989,0.3254068684839282,-500,-418,-0.1997647703598989,1.0,1.0,1.0
45,1791141366.2659998,-0.44273659586906433,-0.5432261228561401,-1.116780156678911,90.30737737503235,91.09848709098445,0.15710113149085536,-0.44273659586906433,-0.5432261228561401,-0.006682711187750101,0.0,0.0,0.23178094397601454,0.9727680062633576,7,1,6,0.9238325686488833,0.1696204100619747,-0.03365936747211162,0.7583638098194914,0,3887,-0.19998811690208085,0.40363782666232095,-500,-399,-0.19998811690208085,1.0,1.0,1.0
46,1791141366.7667449,-0.511223554611206,-0.5793249607086182,-0.9828942269595169,89.93684445054679,86.7433685414695,0.18526646224277882,-0.511223554611206,-0.5793249607086182,-0.00165625661611557,0.0,0.0,0.29633313858306837,0.9550846407400279,7,1,6,0.7769040577837361,0.14904368498691012,-0.11628738101675906,1.0,0,3894,-0.1992363437681098,0.11382681400570574,-500,-471,-0.1992363437681098,1.0,1.0,1.0
47,1791141367.2659883,-0.5677111148834229,-0.6264593005180359,-0.9332559668756932,89.61794801125473,87.63116882259271,0.15944821964602907,-0.5677111148834229,-0.6264593005180359,-0.001665610121563077,0.0,0.0,0.3199438106276452,0.9474365192671547,7,1,6,0.7888695009251483,0.11142982660175749,-0.20655230791615153,1.0,0,3884,-0.1974084522448923,0.023983844977484455,-500,-494,-0.1974084522448923,1.0,1.0,1.0
48,1791141367.766397,-0.6267988681793213,-0.6679258942604065,-0.938885090471794,89.21229667317667,100.0,0.202825669039028,-0.6267988681793213,-0.6679258942604065,-0.0014237514697015285,0.0,0.0,0.31727592825725226,0.9483332670261541,7,1,6,0.7948347629848136,0.09575127103575265,-0.2843740051729007,1.0,0,3883,-0.19646126966391303,-0.38759748832225976,-403,-500,-0.19646126966391303,1.0,1.0,1.0
49,1791141368.2659028,-0.6770890951156616,-0.7098420262336731,-1.0112004335537508,88.86399899463281,100.0,0.17414883927193195,-0.6770890951156616,-0.7098420262336731,-0.0013480191119015217,0.0,0.0,0.2827864994807946,0.9591828791796685,7,1,6,0.7963319515670038,0.0599251834496346,-0.35876038151080414,1.0,0,3882,-0.18404647608365993,-0.6108031358502182,-347,-500,-0.18404647608365993,1.0,1.0,1.0
50,1791141368.7665303,-0.7425116300582886,-0.7363958358764648,-1.2140132999211675,88.42325184902394,100.0,0.2203735728044339,-0.7425116300582886,-0.7363958358764648,-0.001663358649238944,0.0,0.0,0.18423306483272703,0.9828825859798006,7,1,6,1.0,0.030190527951990065,-0.4072483479329545,0.7864072433955556,0,3885,-0.12694648505648615,-0.5262572837407825,-308,-440,-0.12694648505648615,1.0,1.0,1.0
51,1791141369.2668114,-0.8020108342170715,-0.7620585560798645,-1.404898367108823,88.02261238647304,100.0,0.2003197312754528,-0.8020108342170715,-0.7620585560798645,-0.0015684242825955153,0.0,0.0,0.08972813923558134,0.9959662951271595,7,1,6,1.0,0.21865945476260218,-0.4546315060145111,0.7657933657236944,0,3883,-0.10920557676398267,-0.33758741637846434,-280,-364,-0.10920557676398267,1.0,1.0,1.0
52,1791141369.7663527,-0.859053373336792,-0.7670376300811768,-1.5604965186440098,87.64369028990065,100.0,0.1894610482861975,-0.859053373336792,-0.7670376300811768,0.000499563931953162,0.0,0.0,0.012049612469503774,0.9999274007843443,7,1,6,1.0,0.2136353298973528,-0.4670772036557912,0.7264258658105947,0,3882,-0.16252830067354096,-0.3806974856848605,-405,-500,-0.16252830067354096,1.0,1.0,1.0
53,1791141370.2659016,-0.9206874370574951,-0.7697007060050964,-1.6608518916110315,87.23381305656966,100.0,0.20493861666549082,-0.9206874370574951,-0.7697007060050964,-0.001042000250890851,0.0,0.0,-0.038118545176695835,0.9992732241552419,7,1,6,1.0,0.20831811954953894,-0.47154743918130415,0.6796788309608299,0,3886,-0.13838415805174678,-0.5023613893889759,-345,-471,-0.13838415805174678,1.0,1.0,1.0
54,1791141370.7673998,-0.9894891381263733,-0.7592943906784058,-1.827390032185182,86.77444988169589,100.0,0.2296815874368844,-0.9894891381263733,-0.7592943906784058,-0.001533950213342905,0.0,0.0,-0.12109889746562569,0.9926404470061705,7,1,6,1.0,0.1938166292497443,-0.4188467300699613,0.6259038980898692,0,3887,-0.06276917667373243,-0.4888905882100911,-124,-246,-0.06276917667373243,1.0,1.0,1.0
55,1791141371.2657151,-1.0276192426681519,-0.7482060194015503,-2.02537868210646,86.5520581257357,92.46396606876452,0.11119587798009274,-1.0276192426681519,-0.7482060194015503,-0.0019633625634014606,0.0,0.0,-0.21861135565090248,0.9758120081145111,7,1,6,1.0,0.20972062729935992,-0.4447716452752256,0.5617729430905833,0,3883,-0.020084291533428642,-0.5280812031155206,7,-125,-0.020084291533428642,1.0,1.0,1.0
56,1791141371.7665462,-1.0338202714920044,-0.73610520362854,-2.2554631169846147,86.4520581257357,92.46396606876452,0.05,-1.0338202714920044,-0.73610520362854,-0.006407312583178282,0.0,0.0,-0.32917844178024797,0.9442677339966287,7,1,6,1.0,0.2614362979335414,-0.42061679875691815,0.4761511857378504,0,3883,0.015596975032475743,-0.5574719731087283,116,-24,0.015596975032475743,1.0,1.0,1.0
57,1791141372.2671092,-1.0366915464401245,-0.7438430786132812,-2.523159009753309,86.35205812573571,92.46396606876452,0.05,-1.0366915464401245,-0.7438430786132812,-0.0019606337882578373,0.0,0.0,-0.45224543533593986,0.8918935285210933,7,1,6,-0.410470571093943,1.0,0.016970571716264926,0.41810393128146117,0,3884,-0.11611087316857208,0.006532941975584669,-343,-342,-0.11611087316857208,1.0,1.0,1.0
58,1791141372.7666304,-1.0563865900039673,-0.7093912959098816,-2.5761307485735845,86.21614193982937,93.75329627137232,0.06795809295316604,-1.0563865900039673,-0.7093912959098816,-0.0017130568157881498,0.0,0.0,-0.4757066329763997,0.8796040014360195,7,1,6,-0.3493471486633415,1.0,0.06168326664408608,0.2865341499058671,0,3885,-0.19893528223204826,0.542624324315017,-500,-364,-0.19893528223204826,1.0,1.0,1.0
59,1791141373.2670681,-1.0997459888458252,-0.6581169962882996,-2.457391780580611,85.98922707928007,80.88982595097559,0.11345743027465184,-1.0997459888458252,-0.6581169962882996,-0.0025410742964595556,0.0,0.0,-0.422677545958232,0.9062801399913422,7,1,6,1.0,0.3460358654838487,-0.2868104256358659,0.24824785362643498,0,3881,-0.19430364889205437,0.41258169476247114,-500,-397,-0.19430364889205437,1.0,1.0,1.0
60,1791141373.7666008,-1.1451904773712158,-0.6047111749649048,-2.359947781559048,85.72796031003647,86.44132187654812,0.1306333846218022,-1.1451904773712158,-0.6047111749649048,-0.0019451529951766133,0.0,0.0,-0.37803764932215667,0.9257902222938943,7,1,6,1.0,0.35014517982333815,-0.21303468496762656,0.12180480728380516,0,3891,-0.18150282644651872,0.33668933859737754,-500,-416,-0.18150282644651872,1.0,1.0,1.0
61,1791141374.2667942,-1.1939095258712769,-0.5571473240852356,-2.261048498159811,85.45464998854426,86.44132187654812,0.13665516074610376,-1.1939095258712769,-0.5571473240852356,-0.003961280453950167,0.0,0.0,-0.33181420231501035,0.9433447594289446,7,1,6,1.0,0.35966068666351214,-0.12969219679569788,0.03147914394981255,0,3881,-0.19540625514587678,0.37464899929418016,-500,-406,-0.19540625514587678,1.0,1.0,1.0
62,1791141374.7666602,-1.2448545694351196,-0.511827290058136,-2.1906489000080023,85.18592951090659,83.48358300856101,0.13436023881883596,-1.2448545694351196,-0.511827290058136,-0.0025859111919999123,0.0,0.0,-0.29840997102345246,0.954437786968738,7,1,6,1.0,0.3590796247543291,-0.07238321785095037,-0.017765371826417575,0,3887,-0.19902483346082636,0.30235650496529504,-500,-424,-0.19902483346082636,1.0,1.0,1.0
63,1791141375.2666147,-1.3119220733642578,-0.4767545163631439,-2.0724462593690576,84.844228947706,83.48358300856101,0.170850281600292,-1.3119220733642578,-0.4767545163631439,0.0003322860284242779,0.0,0.0,-0.24151325449809666,0.9703975205562603,7,1,6,1.0,0.344784771359554,-0.016907191027174084,-0.029542253194354773,0,3881,-0.19961522542768964,0.16206168052173883,-500,-459,-0.19961522542768964,1.0,1.0,1.0
64,1791141375.76653,-1.3759254217147827,-0.44563886523246765,-2.033295361210398,84.49969469951871,86.74336854146948,0.17226712409364012,-1.3759254217147827,-0.44563886523246765,-3.029927029274404e-05,0.0,0.0,-0.22247222818257034,0.9749390276768504,7,1,6,1.0,0.34596943781938494,0.02141882134498574,-0.04301287102875884,0,3880,-0.19927649840715783,0.1891710059742853,-500,-453,-0.19927649840715783,1.0,1.0,1.0
65,1791141376.2661529,-1.438996434211731,-0.4134361743927002,-1.988853228018942,84.1596063875159,86.74336854146948,0.1700441560014102,-1.438996434211731,-0.4134361743927002,-0.0015214094892144203,0.0,0.0,-0.20075490251157396,0.979641500303845,7,1,6,1.0,0.3407124111156794,0.042474802265681344,-0.03913013175519531,0,3885,-0.19926086496624326,0.2592236768846852,-500,-435,-0.19926086496624326,1.0,1.0,1.0
66,1791141376.767287,-1.5024083852767944,-0.3810572028160095,-1.9453745266413356,83.85745560249757,80.01474561506454,0.15107539250916363,-1.5024083852767944,-0.3810572028160095,-0.000138204573886469,0.0,0.0,-0.17941237336906177,0.9837739579202534,7,1,6,1.0,0.3556682517703531,0.05084933746684084,-0.04909035897798242,0,3882,-0.19927864240371196,0.33266842430347676,-500,-417,-0.19927864240371196,1.0,1.0,1.0
67,1791141377.26576,-1.580702304840088,-0.369614839553833,-1.8693382148843198,83.40641951308605,91.26252408894086,0.22551804470576037,-1.580702304840088,-0.369614839553833,0.0007744698668830097,0.0,0.0,-0.14189046695189064,0.9898823644192144,7,1,6,1.0,0.35192594677646727,-0.005495591203359629,-0.03922861110397924,0,3885,-0.19925834516257265,0.3424993641932022,-500,-414,-0.19925834516257265,1.0,1.0,1.0
68,1791141377.7664294,-1.6468801498413086,-0.3507629334926605,-1.7681760601515992,83.07523171393379,83.48358300856101,0.1655938995761273,-1.6468801498413086,-0.3507629334926605,-0.0007034818409010768,0.0,0.0,-0.09166102688779092,0.995790267149602,7,1,6,1.0,0.3371088614541564,0.02161098634638181,-0.05154413736057206,0,3881,-0.199081695913051,0.3671829144614079,-500,-408,-0.199081695913051,1.0,1.0,1.0
69,1791141378.2662766,-1.7127041816711426,-0.33599311113357544,-1.6417803500606476,82.7468401225992,83.48358300856101,0.16419579566729703,-1.7127041816711426,-0.33599311113357544,-0.0023519156966358423,0.0,0.0,-0.0285881161156121,0.9995912762809409,7,1,6,1.0,0.35789930143584914,-0.022381625797910476,-0.062657043143177,0,3890,-0.19906743946975483,0.35215064246856786,-500,-412,-0.19906743946975483,1.0,1.0,1.0
70,1791141378.766012,-1.7864266633987427,-0.3424660265445709,-1.5504769680120483,82.32456356836197,91.09848709098446,0.21113827711861677,-1.7864266633987427,-0.3424660265445709,0.0011769197881221771,0.0,0.0,0.01705885191615072,0.9998544871986638,7,1,6,-0.05917152484290533,0.34898299074971395,-0.06821229796168649,1.0,0,3881,-0.14455973208494918,0.10270203859578202,-439,-413,-0.14455973208494918,1.0,1.0,1.0
71,1791141379.2672315,-1.8496520519256592,-0.34117457270622253,-1.4995873925617267,81.9639967774563,91.09848709098446,0.18028339545283228,-1.8496520519256592,-0.34117457270622253,-0.005764541681855917,0.0,0.0,0.04249166996700315,0.9990968211256681,7,1,6,-0.06911462924388845,0.3610974637790352,-0.13212845392788763,1.0,0,3885,-0.17055291406457987,-0.012269940147963454,-497,-500,-0.17055291406457987,1.0,1.0,1.0
72,1791141379.766005,-1.9105361700057983,-0.35622134804725647,-1.496067983569295,81.61525314766807,91.09848709098446,0.1743718148941128,-1.9105361700057983,-0.35622134804725647,-0.005897540599107742,0.0,0.0,0.04424971843895765,0.9990205015003811,7,1,6,-0.06079110627239026,0.2113077205237317,-0.1885600509875972,1.0,0,3887,-0.19642666954421328,0.22518635271962748,-500,-444,-0.19642666954421328,1.0,1.0,1.0
73,1791141380.2660263,-1.9981803894042969,-0.36102214455604553,-1.4589625845425196,81.08424799175287,94.0279054411498,0.26550257795759774,-1.9981803894042969,-0.36102214455604553,0.0006570388213731349,0.0,0.0,0.06277556714010697,0.9980276690404118,7,1,6,-0.06096239024072192,0.16415386222311779,-0.22800913210048712,1.0,0,3884,-0.1522940424384363,-0.14237480980257533,-431,-467,-0.1522940424384363,1.0,1.0,1.0
74,1791141380.7663374,-2.0528781414031982,-0.3629123270511627,-1.4540288705636877,80.75669598963866,94.0279054411498,0.1637760010571084,-2.0528781414031982,-0.3629123270511627,0.003364468226209283,0.0,0.0,0.0652373651674831,0.9978697741619417,7,1,6,-0.07967187763115113,0.13277992907530578,-0.26667215749217443,1.0,0,3887,-0.16490498084132435,-0.24858937314783547,-438,-500,-0.16490498084132435,1.0,1.0,1.0
75,1791141381.2660415,-2.1249136924743652,-0.36185595393180847,-1.5066644851648816,80.36790254112971,87.87146555691703,0.19439672425447307,-2.1249136924743652,-0.36185595393180847,-0.005205412395298481,0.0,0.0,0.03895606095814913,0.9992409245595504,7,1,6,-0.06902345116147224,0.08105478882741624,-0.2797579568554407,1.0,0,3890,-0.1672469347605562,-0.31170747455706965,-422,-500,-0.1672469347605562,1.0,1.0,1.0
76,1791141381.7667105,-2.2014012336730957,-0.38234952092170715,-1.570098699918291,79.85408087596944,100.0,0.25691083258013,-2.2014012336730957,-0.38234952092170715,-0.00016718648839741945,0.0,0.0,0.0072487499566279145,0.9999737274669102,7,1,6,-0.0212548775472573,0.3195463821486595,-0.3191237250536634,1.0,0,3872,-0.1929583584818347,-0.5193368420254291,-370,-500,-0.1929583584818347,1.0,1.0,1.0
77,1791141382.266113,-2.2796037197113037,-0.3759605586528778,-1.7335043659198575,79.43080042953035,87.87146555691703,0.21164022321954995,-2.2796037197113037,-0.3759605586528778,0.009062870405614376,0.0,0.0,-0.07438525054451753,0.9972295796362186,7,1,6,1.0,0.31388525714797777,-0.314202833221377,-0.001327390482846691,0,3888,-0.036563963183720016,-0.019503199622927497,-105,-110,-0.036563963183720016,1.0,1.0,1.0
78,1791141382.7664866,-2.299595832824707,-0.3749387860298157,-1.7711925228497911,79.32491124154033,87.87146555691703,0.05294459399500864,-2.299595832824707,-0.3749387860298157,0.0034312335774302483,0.0,0.0,-0.093162804162945,0.9956508885751555,7,1,6,1.0,0.34768351253437246,-0.3304967647013517,-0.017406640537047435,0,3880,-0.1819412449840083,0.1294688608287559,-500,-468,-0.1819412449840083,1.0,1.0,1.0
79,1791141383.2659512,-2.348341941833496,-0.3590991497039795,-1.7747685489825222,79.03904764447084,92.46396606876452,0.14293179853474908,-2.348341941833496,-0.3590991497039795,-0.0035298264119774103,0.0,0.0,-0.09494289109241852,0.9954827208098658,7,1,6,1.0,0.38784595075954265,-0.2985214654666254,-0.02330414216378507,0,3885,-0.19604841061631492,0.24629021168760182,-500,-438,-0.19604841061631492,1.0,1.0,1.0
80,1791141383.7661092,-2.4361233711242676,-0.3619881868362427,-1.7281012281870072,78.52164891435056,92.46396606876452,0.2586993650601407,-2.4361233711242676,-0.3619881868362427,0.0091197295114398,0.0,0.0,-0.07169089798735435,0.9974268971437289,7,1,6,1.0,0.4123640922649099,-0.3004856453171081,-5.2545949345783605e-05,0,3879,-0.19405106388935556,0.28274556328261097,-500,-429,-0.19405106388935556,1.0,1.0,1.0
81,1791141384.2665875,-2.494401693344116,-0.3361145555973053,-1.6659070290908145,78.17625364775907,92.46396606876452,0.17269763329574517,-2.494401693344116,-0.3361145555973053,-0.002626400673761964,0.0,0.0,-0.040644152489290174,0.9991736850360038,7,1,6,1.0,0.017014805419742984,-0.2513798791934948,-0.02189009310677481,0,3886,-0.19383903427049584,0.361004812037038,-500,-410,-0.19383903427049584,1.0,1.0,1.0
82,1791141384.7658913,-2.560743808746338,-0.32849013805389404,-1.5819389814868776,77.77695118161598,94.0279054411498,0.19965123307153965,-2.560743808746338,-0.32849013805389404,0.003167459974065423,0.0,0.0,0.0013286722630761916,0.9999991173146191,7,1,6,1.0,0.02296170302600431,-0.20879879164301895,-0.01784655764089882,0,3882,-0.1927593855814473,0.11676919156254835,-500,-471,-0.1927593855814473,1.0,1.0,1.0
83,1791141385.2662141,-2.639835834503174,-0.33871185779571533,-1.5426624502642394,77.2986487874687,94.0279054411498,0.23915119707364713,-2.639835834503174,-0.33871185779571533,-0.0021075685508549213,0.0,0.0,0.02096540207773649,0.9997802018022356,7,1,6,1.0,-0.011715751654664874,-0.20484983244296717,-0.019796978821608247,0,3887,-0.1979156094909642,0.123207706570645,-500,-469,-0.1979156094909642,1.0,1.0,1.0
84,1791141385.7664614,-2.7104270458221436,-0.33627402782440186,-1.5444149434195662,76.87356332548143,94.0279054411498,0.21254273099363225,-2.7104270458221436,-0.33627402782440186,-0.00528868380934,0.0,0.0,0.020089340160896734,0.9997981888420782,7,1,6,-0.01440236697173336,0.0015045289821640218,-0.16378394410140917,0.5147387032049955,0,3884,-0.1939579485754222,0.44074570990235273,-500,-390,-0.1939579485754222,1.0,1.0,1.0
85,1791141386.2658694,-2.785346746444702,-0.34744057059288025,-1.420983843448145,76.42094691531676,94.0279054411498,0.22630820508233163,-2.785346746444702,-0.34744057059288025,0.002035991521552205,0.0,0.0,0.08171502741101536,0.9966557350937268,7,1,6,-0.014396093530142262,-0.0040719776122258855,-0.13179227298878482,0.561890316168238,0,3887,-0.19164805531157492,0.2170371040034415,-500,-446,-0.19164805531157492,1.0,1.0,1.0
86,1791141386.766408,-2.8502984046936035,-0.3692598044872284,-1.3745048913654825,76.02706384861192,94.0279054411498,0.19694153335241943,-2.8502984046936035,-0.3692598044872284,0.0033966212067753077,0.0,0.0,0.10485263464659947,0.9944877701649562,7,1,6,-0.024332031672442245,-0.024138987173369708,-0.11486430458510333,0.6163593821214315,0,3875,-0.18985836836618497,0.24567647883052646,-500,-438,-0.18985836836618497,1.0,1.0,1.0
87,1791141387.265645,-2.9262683391571045,-0.387346476316452,-1.3329256563458614,75.56665039261364,94.0279054411498,0.23020672799914205,-2.9262683391571045,-0.387346476316452,0.0005364689277485013,0.0,0.0,0.12550350745188613,0.9920931758747634,7,1,6,-0.032835255417151266,-0.02981535458834783,-0.11243884436068441,0.6668916336621695,0,3888,-0.19333069417503623,0.22852605927495434,-500,-443,-0.19333069417503623,1.0,1.0,1.0
88,1791141387.7658541,-2.988422393798828,-0.40009090304374695,-1.281528261848743,75.22718622003666,88.51196242972358,0.16973208628848852,-2.988422393798828,-0.40009090304374695,-0.0028328904882073402,0.0,0.0,0.1509547629876579,0.988540671662699,7,1,6,-0.020228332749794298,-0.03247606060570263,-0.09800097989081724,0.7202418718383385,0,3880,-0.1968397673930852,0.17200466368071318,-500,-457,-0.1968397673930852,1.0,1.0,1.0
89,1791141388.2659225,-3.0649330615997314,-0.4215027987957001,-1.2621793978439086,74.80578595174978,88.51196242972357,0.21070013414343458,-3.0649330615997314,-0.4215027987957001,0.006414623465389013,0.0,0.0,0.16051111909200727,0.98703403216294,7,1,6,-0.004779421865947708,-0.06517394447919322,-0.09479560766303585,0.7712090405410652,0,3888,-0.19815118884162689,0.09549547129180895,-500,-476,-0.19815118884162689,1.0,1.0,1.0
90,1791141388.766234,-3.118926763534546,-0.44960078597068787,-1.222471333095691,74.47568853507104,94.0279054411498,0.16504870833936797,-3.118926763534546,-0.44960078597068787,0.005130819045007229,0.0,0.0,0.18007480300004086,0.9836529191358588,7,1,6,0.029141713851420503,-0.09426286008797657,-0.12304066624273802,0.8339069358763505,0,3887,-0.19911804119256335,0.020960842128796394,-500,-495,-0.19911804119256335,1.0,1.0,1.0
91,1791141389.2657557,-3.1914706230163574,-0.46995455026626587,-1.2197609341857765,74.0357884587614,94.0279054411498,0.2199500381548224,-3.1914706230163574,-0.46995455026626587,-0.00724065164104104,0.0,0.0,0.18140768313231762,0.9834079786642799,7,1,6,0.07892160913853563,-0.10252803480994088,-0.15446569310141933,0.9165606629054626,0,3894,-0.1995499351107885,-0.04423969858799815,-489,-500,-0.1995499351107885,1.0,1.0,1.0
92,1791141389.7660682,-3.251983404159546,-0.5080652236938477,-1.2144696991529798,73.66171035912637,94.0279054411498,0.18703904981751399,-3.251983404159546,-0.5080652236938477,-0.027405723929405212,0.0,0.0,0.1840087666090979,0.9829246023022308,7,1,6,0.12283376473461227,-0.09498506609569135,-0.21190104849393543,0.9854362656115778,0,3885,-0.19928964673327776,-0.09366094990615083,-477,-500,-0.19928964673327776,1.0,1.0,1.0
93,1791141390.2662313,-3.3351778984069824,-0.517985999584198,-1.2376506189398426,73.15798126352504,94.0279054411498,0.2518645478006614,-3.3351778984069824,-0.517985999584198,-0.011876937001943588,0.0,0.0,0.17260411388648184,0.9849912790829483,7,1,6,0.14373906945384896,-0.1053041272558719,-0.2293745298584725,1.0,0,3886,-0.19994708918138848,-0.40063381722278535,-400,-500,-0.19994708918138848,1.0,1.0,1.0
94,1791141390.765517,-3.3981871604919434,-0.5672685503959656,-1.328730528483471,72.76261074230001,94.0279054411498,0.19768526061251832,-3.3981871604919434,-0.5672685503959656,0.023988215252757072,0.0,0.0,0.12758420869455214,0.991827741945034,7,1,6,0.20847621708339314,-0.13675103669939725,-0.3114818292331779,1.0,0,3885,-0.19396801499733624,-0.5546832166847364,-361,-500,-0.19396801499733624,1.0,1.0,1.0
95,1791141391.2657936,-3.4583048820495605,-0.5543762445449829,-1.518957503598633,72.3617101465071,100.0,0.20045029789646235,-3.4583048820495605,-0.5543762445449829,-0.014252693392336369,0.0,0.0,0.032813520208691195,0.9994614914500277,7,1,6,1.0,-0.14040973211158958,-0.32673450095187406,0.1940359259883906,0,3881,-0.10229649504397083,-0.2715301674731237,-268,-336,-0.10229649504397083,1.0,1.0,1.0
96,1791141391.7664409,-3.5202136039733887,-0.5615808367729187,-1.628212896693185,71.94960838896615,100.0,0.2060508787704679,-3.5202136039733887,-0.5615808367729187,-0.00572800962254405,0.0,0.0,-0.021806556315500523,0.999762208778497,7,1,6,1.0,-0.1835387930226806,-0.3928679958713075,0.19227942038418222,0,3887,-0.18451381647356574,-0.48440552045437985,-379,-500,-0.18451381647356574,1.0,1.0,1.0
97,1791141392.265807,-3.58640193939209,-0.5537452697753906,-1.7583279234670814,71.50837085745071,100.0,0.22061876575771955,-3.58640193939209,-0.5537452697753906,-0.0019500481430441141,0.0,0.0,-0.0867565961475639,0.9962295383218109,7,1,6,1.0,-0.18379544057366037,-0.43917999633630234,0.19396250503652768,0,3877,-0.15789020804979845,-0.5667968104556728,-358,-500,-0.15789020804979845,1.0,1.0,1.0
98,1791141392.766346,-3.662224292755127,-0.5318080186843872,-1.9412945971408477,70.998695334284,100.0,0.25483776158336247,-3.662224292755127,-0.5318080186843872,-0.010290691629052162,0.0,0.0,-0.17740513725637347,0.9841379056184388,7,1,6,1.0,-0.2044195166502586,-0.4579340659863348,0.17183468795920898,0,3883,-0.04557754634776971,-0.5885499009451977,-61,-208,-0.04557754634776971,1.0,1.0,1.0
99,1791141393.2658522,-3.6647467613220215,-0.5255508422851562,-2.1784984272715975,70.898695334284,100.0,0.05,-3.6647467613220215,-0.5255508422851562,-0.00938967801630497,0.0,0.0,-0.2926060646225833,0.9562330735474928,7,1,6,1.0,0.9650759774247673,-0.49276014548171465,0.12240215847492397,0,3887,-0.053222830080972595,-0.012989979817041898,-155,-159,-0.053222830080972595,1.0,1.0,1.0
100,1791141393.7665672,-3.6886918544769287,-0.5184423923492432,-2.2206681849734298,70.74045276443955,100.0,0.07912128492222545,-3.6886918544769287,-0.5184423923492432,-0.01334933377802372,0.0,0.0,-0.31270158941089604,0.9498514178438117,7,1,6,1.0,0.9518042897401497,-0.49559981355305394,0.07802023968623173,0,3880,-0.1782558203390434,0.1261418003514494,-500,-468,-0.1782558203390434,1.0,1.0,1.0
101,1791141394.2661464,-3.7475616931915283,-0.4783823490142822,-2.2217077499049425,70.3370388182774,100.0,0.2017069730810699,-3.7475616931915283,-0.4783823490142822,-0.000704161124303937,0.0,0.0,-0.31319526325884417,0.9496887527354545,7,1,6,1.0,0.8835720982680897,-0.49329714819850956,-0.006210984816497622,0,3882,-0.18936107167165295,0.3146095712629436,-500,-421,-0.18936107167165295,1.0,1.0,1.0
102,1791141394.7663643,-3.773747682571411,-0.41530531644821167,-2.1603518473408796,70.12287606559576,100.0,0.10708137634082476,-3.773747682571411,-0.41530531644821167,-0.022032281383872032,0.0,0.0,-0.2839179594605191,0.9588485763121177,7,1,6,1.0,0.7752384931480665,-0.44072259326109,-0.06579750404641127,0,3884,-0.19337380620958036,0.3269361347103998,-500,-418,-0.19337380620958036,1.0,1.0,1.0
103,1791141395.2664313,-3.8814194202423096,-0.38308075070381165,-2.0950270025147577,69.39110685194613,100.0,0.36588460682481216,-3.8814194202423096,-0.38308075070381165,-0.03283143788576126,0.0,0.0,-0.2524537773276352,0.9676089552670587,7,1,6,1.0,-0.12102778843541229,-0.42136397916584234,-0.08153832216431744,0,3890,-0.19257247479293207,0.2947029060024694,-500,-426,-0.19257247479293207,1.0,1.0,1.0
104,1791141395.7614675,-4.063989639282227,-0.18480028212070465,-2.0270892970536454,69.39110685194613,100.0,0.36588460682481216,-4.063989639282227,-0.18480028212070465,-0.2700271010398865,0.0,0.0,-0.2194458948898438,0.975624671282966,7,1,6,1.0,1.0,-0.21234266997680984,-0.14656624425866216,0,3880,-0.19948642353414223,0.38345898659246874,-500,-404,-0.19948642353414223,1.0,1.0,1.0
105,1791141396.260582,-3.9724326133728027,-0.3670719563961029,-1.934371776466214,69.39110685194613,100.0,0.36588460682481216,-3.9724326133728027,-0.3670719563961029,-0.03248869627714157,0.0,0.0,-0.17399757616246295,0.984746080718064,7,1,6,1.0,-0.10181255662714439,-0.39554883327913126,-0.19265702936691242,0,3887,-0.19238922280552825,0.3085163056236624,-500,-423,-0.19238922280552825,1.0,1.0,1.0
106,1791141396.7661204,-4.049237251281738,-0.32511916756629944,-1.834538356025118,68.86709854474071,100.0,0.26200415360270735,-4.049237251281738,-0.32511916756629944,-0.02232426032423973,0.0,0.0,-0.12464597410158797,0.992201280557663,7,1,6,1.0,-0.12344357517492244,-0.3399982838808685,-0.20749377042019435,0,3887,-0.19715465742390637,0.2618603562350049,-500,-434,-0.19715465742390637,1.0,1.0,1.0
107,1791141397.26644,-4.123021602630615,-0.31251442432403564,-1.7722449375335632,68.37341617034517,100.0,0.24684118719777284,-4.123021602630615,-0.31251442432403564,-0.03211008012294769,0.0,0.0,-0.09368671004817206,0.9956017277809183,7,1,6,1.0,-0.17873609118289469,-0.3117539729752641,-0.24053075470124563,0,3890,-0.19840927953719872,0.28769382985849556,-500,-428,-0.19840927953719872,1.0,1.0,1.0
108,1791141397.765986,-4.182834148406982,-0.2981475591659546,-1.7096234425628456,67.97425005283729,100.0,0.19958305875393806,-4.182834148406982,-0.2981475591659546,-0.03164432942867279,0.0,0.0,-0.06247284924899035,0.9980466637921861,7,1,6,-0.2419470304395075,-0.24017877496652762,-0.27211316295794374,0.6824365347787995,0,3887,-0.1607321314391742,0.31777540311738306,-500,-420,-0.1607321314391742,1.0,1.0,1.0
109,1791141398.2663739,-4.267871856689453,-0.29794126749038696,-1.645493508183572,67.40436086948009,100.0,0.2849445916786045,-4.267871856689453,-0.29794126749038696,0.0002705353545024991,0.0,0.0,-0.0304438860130705,0.9995364774756463,7,1,6,-0.22460034562486342,-0.31587785923829736,-0.25128353822276817,0.6577493312656912,0,3882,-0.1785378849882685,0.274674770307128,-500,-431,-0.1785378849882685,1.0,1.0,1.0
110,1791141398.7658393,-4.3413472175598145,-0.2933899760246277,-1.5806496879868186,66.91372031514246,100.0,0.24532027716881707,-4.3413472175598145,-0.2933899760246277,-0.002926815999671817,0.0,0.0,0.001973318123358395,0.9999980530058966,7,1,6,-0.1989980013231627,-0.3856220882582254,-0.2148811159790477,0.6386775680254353,0,3894,-0.19086981899582592,0.251503075489619,-500,-437,-0.19086981899582592,1.0,1.0,1.0
111,1791141399.2665243,-4.41921329498291,-0.292850136756897,-1.5289872845142507,66.39314232109601,100.0,0.26028899702322733,-4.41921329498291,-0.292850136756897,-0.004630892537534237,0.0,0.0,0.02780093870612666,0.9996134792043664,7,1,6,-0.17414128733471634,-0.4632630417992627,-0.19630182637326676,0.6307800944002693,0,3882,-0.19621767123790662,0.10254723601262912,-500,-474,-0.19621767123790662,1.0,1.0,1.0
112,1791141399.7606728,-4.648710250854492,-0.1311507672071457,-1.4970578222898285,66.39314232109601,100.0,0.26028899702322733,-4.648710250854492,-0.1311507672071457,-0.24662399291992188,0.0,0.0,0.04375527845226919,0.9990422791892065,7,1,6,-0.057912786706512565,-0.5671749495172276,-0.017097729608698153,0.44996621578589857,0,3886,-0.1998694452557136,0.18674473403077527,-500,-453,-0.1998694452557136,1.0,1.0,1.0
113,1791141400.2609034,-4.83500337600708,-0.040686991065740585,-1.4706383072027258,66.39314232109601,100.0,0.26028899702322733,-4.83500337600708,-0.040686991065740585,-0.3594686686992645,0.0,0.0,0.05694818338660467,0.9983771353596624,7,1,6,0.05467785938215686,1.0,-0.5739943102565148,0.37091404029990094,0,3890,-0.19412947794066995,0.032694631178059444,-500,-492,-0.19412947794066995,1.0,1.0,1.0
114,1791141400.7611282,-4.604829788208008,-0.34107235074043274,-1.4602704130195872,66.39314232109601,100.0,0.26028899702322733,-4.604829788208008,-0.34107235074043274,0.02536431886255741,0.0,0.0,0.062122929261845566,0.9980685054944514,7,1,6,-0.06172184166291639,-0.6524643212355932,-0.20340196671985533,0.7230984578357942,0,3893,-0.1760464627671762,-0.12430270797238778,-469,-500,-0.1760464627671762,1.0,1.0,1.0
115,1791141401.2663743,-4.659665584564209,-0.36715272068977356,-1.4739249059816142,66.02347136951836,100.0,0.18483547578882425,-4.659665584564209,-0.36715272068977356,0.05891969054937363,0.0,0.0,0.05530747469567978,0.9984693702076127,7,1,6,-0.04990209389515632,-0.7105323635465141,-0.21401156134436372,0.7875198908725929,0,3887,-0.17548287399359105,-0.3357472711791327,-416,-500,-0.1976748076253723,1.0,1.0,0.8877351449161961
116,1791141401.765992,-4.7064080238342285,-0.3929492235183716,-1.541907261002877,65.70757520453577,100.0,0.15794808249129577,-4.7064080238342285,-0.3929492235183716,0.07917329668998718,0.0,0.0,0.021342912210228153,0.9997722141059865,7,1,6,-0.02722846712609439,-0.7614322450850775,-0.23505031464567883,0.8487880710115865,0,3886,-0.11604786170133642,-0.5365343043830976,-275,-409,-0.19775480236846446,1.0,1.0,0.5868270217029244
117,1791141402.266272,-4.763291358947754,-0.398779958486557,-1.7348431203550836,65.32964909661756,100.0,0.18896305395911006,-4.763291358947754,-0.398779958486557,0.0836978629231453,0.0,0.0,-0.07505275659126182,0.99717956443564,7,1,6,1.0,-0.8312173315702961,-0.24063667014030043,-0.020478760944539265,0,3904,-0.03232485688882238,-0.4229931405111784,-42,-148,-0.1854829461399662,1.0,1.0,0.17427401042266125
118,1791141402.7667625,-4.850539684295654,-0.3337932229042053,-1.912828134828018,64.7229699044117,100.0,0.30333959610293254,-4.850539684295654,-0.3337932229042053,-0.013095038942992687,0.0,0.0,-0.16338017840621824,0.9865631846485821,7,1,6,1.0,1.0,-0.8510454655268866,-0.06063712122423459,0,3914,-0.11819088420079644,-0.14361421233072505,-331,-367,-0.11819088420079644,1.0,1.0,1.0
119,1791141403.266157,-4.863714694976807,-0.31514474749565125,-1.6123541947624673,64.6229699044117,100.0,0.05,-4.863714694976807,-0.31514474749565125,-0.028893649578094482,0.0,0.0,-0.013878488416909869,0.9999036891417401,7,1,6,-0.10544668209900676,1.0,-0.8482559232775353,1.0,0,3942,-0.16108789540695312,-0.3885312225672352,-403,-500,-0.16108789540695312,1.0,1.0,1.0
120,1791141403.7660751,-4.904524803161621,-0.33366915583610535,-1.0437949620037719,64.34949923074677,100.0,0.1367353368324691,-4.904524803161621,-0.33366915583610535,-0.014039428904652596,0.0,0.0,0.26711758129864416,0.9636639444127617,7,1,6,-0.1272088152196682,-0.8750230846089027,-0.19827495075095303,1.0,0,3942,-0.0,-0.5416768719682932,68,-68,-0.18000577781165839,1.0,1.0,0.0
