tick,timestamp,x,y,heading,battery,wind_pct,batt_drain,raw_x,raw_y,raw_z,qx,qy,qz,qw,n_agents_seen,tracked,n_neighbors_seen,front_d,back_d,right_d,left_d,ir_front_max,ir_rear_max,v,w,left,right,v_policy,scale_corridor,scale_agent,scale_avoid
1,1791141840.9404328,1.1478643417358398,0.4283657968044281,1.3828281977336792,100.0,,,1.1478643417358398,0.4283657968044281,-0.001769278896972537,0.0,0.0,0.9973305482641058,0.07301902148904794,7,1,6,-0.6069974966975158,1.0,1.0,-0.5965485292490973,0,0,-0.18387597316936283,-0.36095189179192816,-410,-500,-0.18387597316936283,1.0,1.0,1.0
2,1791141841.4460704,1.1995530128479004,0.42010629177093506,1.3228500815595687,99.9,76.53251721922103,0.05,1.1995530128479004,0.42010629177093506,-0.0018169269897043705,0.0,0.0,0.9946926669831615,0.10289071022169759,7,1,6,-0.5267967050019099,1.0,1.0,-0.6013070821434721,0,0,-0.15204166994639,-0.6016094772460032,-349,-500,-0.15204166994639,1.0,1.0,1.0
3,1791141841.9466279,1.2644463777542114,0.3983089029788971,1.0986729041638599,99.80000000000001,55.879552083527614,0.05,1.2644463777542114,0.3983089029788971,-0.003801266895607114,0.0,0.0,0.976941880739485,0.21350541364845493,7,1,6,-0.4033674289408694,1.0,1.0,-0.6151750621525454,0,0,-0.1285729633952839,-0.4400378491433824,-324,-434,-0.1285729633952839,1.0,1.0,1.0
4,1791141842.446335,1.3199750185012817,0.3681986331939697,0.8970737401737336,99.70000000000002,55.879552083527614,0.05,1.3199750185012817,0.3681986331939697,-0.0026805957313627005,0.0,0.0,0.9504981151504026,0.31073032213727053,7,1,6,1.0,1.0,1.0,-0.6364827498596936,0,0,-0.19190843974030178,-0.5507119413302343,-362,-500,-0.19190843974030178,1.0,1.0,1.0
5,1791141842.9458144,1.3730849027633667,0.32126498222351074,0.7125465040354517,99.60000000000002,61.71815135650882,0.05,1.3730849027633667,0.32126498222351074,-0.0023636415135115385,0.0,0.0,0.9178269444312789,0.3969807301065658,7,1,6,1.0,-0.673115475996185,1.0,-0.24480278238748565,0,0,-0.11297027063664525,-0.45213109273805224,-276,-390,-0.11297027063664525,1.0,1.0,1.0
6,1791141843.4465477,1.4060198068618774,0.27483853697776794,0.5158949607184744,99.50000000000003,69.12872694960144,0.05,1.4060198068618774,0.27483853697776794,-0.01055141631513834,0.0,0.0,0.8744231905055148,0.4851639763071412,7,1,6,1.0,-0.7022750838118257,1.0,-0.25244882720967377,0,0,-0.0696294626243617,-0.52235508260711,-140,-271,-0.07434674581672061,1.0,1.0,0.9365502398183245
7,1791141843.9460754,1.4204362630844116,0.2485688328742981,0.2920842342887604,99.40000000000003,50.465399143690256,0.05,1.4204362630844116,0.2485688328742981,-0.001992779551073909,0.0,0.0,0.8147745776605698,0.5797778778101491,7,1,6,1.0,-0.6981605710922867,1.0,-0.25824609103605456,0,0,-0.0237876870560726,-0.573998296576224,2,-142,-0.02475629515389239,1.0,1.0,0.960874270895599
8,1791141844.446815,1.423233151435852,0.240457221865654,0.03297796814195353,99.30000000000004,50.46539914369022,0.05,1.423233151435852,0.240457221865654,-0.00614415155723691,0.0,0.0,0.7330444385374958,0.6801807488669813,7,1,6,1.0,-0.6609849801242675,1.0,-0.27136799555648183,0,0,0.030789657555929297,-0.6083397331133127,167,15,0.030789657555929297,1.0,1.0,1.0
9,1791141844.9466019,1.4230941534042358,0.23579198122024536,-0.2282023678618068,99.20000000000005,65.08656775138986,0.05,1.4230941534042358,0.23579198122024536,-0.01788446307182312,0.0,0.0,0.6382300563251299,0.7698456957100049,7,1,6,1.0,-0.29021312078909167,-0.6088960721763725,-0.2830711042300824,0,0,0.044326597185627585,-0.5910565194906492,205,57,0.044326597185627585,1.0,1.0,1.0
10,1791141845.446665,1.4297276735305786,0.26361799240112305,-0.49855389829050045,99.10000000000005,69.04238941985658,0.05,1.4297276735305786,0.26361799240112305,-0.004780923947691917,0.0,0.0,0.5286600535542558,0.8488336396350061,7,1,6,1.0,-0.2629167750392981,-0.5431135178192341,-0.04346769600170852,0,0,0.04239038265348508,-0.5776165495342289,197,53,0.04239038265348508,1.0,1.0,1.0
11,1791141845.9467678,1.4410464763641357,0.2821255922317505,-0.7457655549026319,99.00000000000006,69.04238941985656,0.05,1.4410464763641357,0.2821255922317505,-0.002879232866689563,0.0,0.0,0.4199728338729837,0.9075366762884546,7,1,6,1.0,-0.24410194597115775,-0.5284116372737016,-0.040378917483764765,0,0,0.06448128159825478,-0.6164414511647254,267,113,0.06448128159825478,1.0,1.0,1.0
12,1791141846.4469366,1.4632164239883423,0.3029230237007141,-1.0152660056259633,98.90000000000006,69.04238941985656,0.05,1.4632164239883423,0.3029230237007141,-0.0035354772116988897,0.0,0.0,0.2942447229608934,0.9557301099210316,7,1,6,1.0,-0.20587643096809205,-0.46921385001421234,1.0,0,0,0.07353351829724955,-0.6166147986120308,294,140,0.07353351829724955,1.0,1.0,1.0
13,1791141846.9469,1.4852266311645508,0.3187011480331421,-1.2706789001045078,98.80000000000007,69.04238941985656,0.05,1.4852266311645508,0.3187011480331421,-0.004624145571142435,0.0,0.0,0.1701271644407173,0.9854221166177269,7,1,6,1.0,-0.12706354318452995,-0.44113105539476294,1.0,0,0,0.06773975845080343,-0.6039654759999873,275,124,0.06773975845080343,1.0,1.0,1.0
14,1791141847.4470198,1.4963593482971191,0.3301027715206146,-1.5202288454432424,98.70000000000007,71.84525262675844,0.05,1.4963593482971191,0.3301027715206146,-0.004605928435921669,0.0,0.0,0.046167324584819876,0.9989337205944546,7,1,6,1.0,-0.04230451904177279,-0.417415399148367,1.0,0,0,0.06389265400697354,-0.6012999242942052,264,113,0.06389265400697354,1.0,1.0,1.0
15,1791141847.9464204,1.560155987739563,0.3274904191493988,-1.7697327180951186,98.60000000000008,67.27585701113526,0.05,1.560155987739563,0.3274904191493988,-0.002768071135506034,0.0,0.0,-0.07848738752266966,0.9969151067166483,7,1,6,1.0,0.08267557213572818,-0.43467942334720344,1.0,0,0,0.06613528102128215,-0.6116620100505205,272,118,0.06613528102128215,1.0,1.0,1.0
16,1791141848.4465244,1.5916295051574707,0.3220234215259552,-2.0516059156373356,98.50000000000009,67.27585701113526,0.05,1.5916295051574707,0.3220234215259552,0.0013707862235605717,0.0,0.0,-0.21774632648132697,0.9760053981940302,7,1,6,1.0,0.3043465942354917,-0.4479193998717894,1.0,0,0,0.049250061446099856,-0.5879773177275613,219,72,0.049250061446099856,1.0,1.0,1.0
17,1791141848.9476066,1.611566424369812,0.31994757056236267,-2.2834111187643313,98.40000000000009,81.09363246895404,0.05,1.611566424369812,0.31994757056236267,-0.014029275625944138,0.0,0.0,-0.3291538915481764,0.9442762920240513,7,1,6,-0.44887357676539463,0.38775777562865965,-0.1894062220198871,1.0,0,0,-0.0038634075863675623,-0.6204841369058066,66,-89,-0.0038634075863675623,1.0,1.0,1.0
18,1791141849.445966,1.6146854162216187,0.3083127439022064,-2.5485830006099026,98.3000000000001,83.2996706293462,0.05,1.6146854162216187,0.3083127439022064,-0.00015745952259749174,0.0,0.0,-0.4510962975838198,0.8924752827424242,7,1,6,-0.44746406438319386,1.0,0.33466743275372934,1.0,0,0,-0.10422338091610168,-0.42966369577962776,-254,-361,-0.10422338091610168,1.0,1.0,1.0
19,1791141849.946726,1.5940815210342407,0.3401992917060852,-2.7591460319340992,98.18244365988843,83.2996706293462,0.05877817005583128,1.5940815210342407,0.3401992917060852,0.0002226663491455838,0.0,0.0,-0.5423862516953064,0.8401292483730797,7,1,6,-0.41252087573876417,1.0,0.40137581970064273,1.0,0,0,-0.1907672554374366,0.4849945361176079,-500,-378,-0.1907672554374366,1.0,1.0,1.0
20,1791141850.4467523,1.5667117834091187,0.3938024938106537,-2.68298575002834,98.04112839875226,72.78198358692022,0.07065763056808706,1.5667117834091187,0.3938024938106537,0.0007944948738440871,0.0,0.0,-0.5100085340585554,0.8601693409948086,7,1,6,-0.3535965683029626,1.0,0.47476121101702495,1.0,0,0,-0.1943812637037568,0.29297045307791586,-500,-427,-0.1943812637037568,1.0,1.0,1.0
21,1791141850.9461,1.5254498720169067,0.45333144068717957,-2.5763154957263064,97.7688311223983,92.91387811892434,0.1361486381769806,1.5254498720169067,0.45333144068717957,0.00010755870607681572,0.0,0.0,-0.4634278181418779,0.8861346722548772,7,1,6,-0.27233354862909964,1.0,0.5415650329176003,1.0,0,0,-0.1943194298898027,0.28751885678973405,-500,-428,-0.1943194298898027,1.0,1.0,1.0
22,1791141851.4468906,1.4788552522659302,0.5095107555389404,-2.465777399415096,97.47700428280602,91.37210691727083,0.1459134197961411,1.4788552522659302,0.5095107555389404,0.0002972747606690973,0.0,0.0,-0.41376929977149746,0.9103817696805031,7,1,6,-0.19331397261186978,1.0,0.6099377056297812,1.0,0,0,-0.19539291489003185,0.2853125253118041,-500,-428,-0.19539291489003185,1.0,1.0,1.0
23,1791141851.946678,1.4258071184158325,0.5606545805931091,-2.3598778639325313,97.15347052580078,91.37210691727083,0.1617668785026166,1.4258071184158325,0.5606545805931091,-0.002821930218487978,0.0,0.0,-0.36500741592279345,0.9310046113319551,7,1,6,-0.11562110595347008,1.0,0.6634941417566855,1.0,0,0,-0.19875236149261297,0.3073476379627838,-500,-423,-0.19875236149261297,1.0,1.0,1.0
24,1791141852.446947,1.3694385290145874,0.6085606217384338,-2.2425745395041923,96.85006466665371,84.80016308783152,0.1517029295735356,1.3694385290145874,0.6085606217384338,-0.0020453711040318012,0.0,0.0,-0.309806113570666,0.9507997538883988,7,1,6,-0.045147886891284905,1.0,0.09110169121235034,1.0,0,0,-0.18378345638400684,0.2272594228759124,-500,-443,-0.18378345638400684,1.0,1.0,1.0
25,1791141852.9461155,1.305862307548523,0.6528418660163879,-2.161044426023966,96.46465756383645,92.46396606876452,0.19270355140862397,1.305862307548523,0.6528418660163879,-0.0010721174767240882,0.0,0.0,-0.27080006107890675,0.9626356148198862,7,1,6,0.0028526375346440425,1.0,0.1425065353665862,1.0,0,0,-0.18372643009230452,0.219957767806673,-500,-445,-0.18372643009230452,1.0,1.0,1.0
26,1791141853.4464257,1.2400846481323242,0.6897358298301697,-2.0766445234425834,96.07034806993501,92.46396606876452,0.19715474695072363,1.2400846481323242,0.6897358298301697,-0.001312526990659535,0.0,0.0,-0.22994785169874812,0.9732029518549205,7,1,6,0.011147089422345546,1.0,0.18891160351284153,1.0,0,0,-0.18879896701329324,0.25061402978422176,-500,-437,-0.18879896701329324,1.0,1.0,1.0
27,1791141853.9468565,1.170868158340454,0.7212505340576172,-1.9964963908310263,95.65823934592163,92.46396606876452,0.2060543620066914,1.170868158340454,0.7212505340576172,-0.0018412143690511584,0.0,0.0,-0.19077347438356998,0.981634087362303,7,1,6,0.007634792138961233,1.0,0.23684634991661202,1.0,0,0,-0.19155273761408834,0.22209558057795795,-500,-444,-0.19155273761408834,1.0,1.0,1.0
28,1791141854.4466522,1.1001356840133667,0.747604250907898,-1.9149955388332767,95.23911918716855,92.46396606876452,0.2095600793765388,1.1001356840133667,0.747604250907898,-0.0023308356758207083,0.0,0.0,-0.15062416040100352,0.9885910996481269,7,1,6,0.005837435554595816,0.7521797031698971,0.2797433241820264,1.0,0,0,-0.1990384248737641,0.3389185443102347,-500,-415,-0.1990384248737641,1.0,1.0,1.0
29,1791141854.946731,1.0282670259475708,0.7678268551826477,-1.8266048893584106,94.75681269114763,100.0,0.2411532480104652,1.0282670259475708,0.7678268551826477,-0.0034978052135556936,0.0,0.0,-0.10680019981007664,0.9942805023334852,7,1,6,0.01700958658049334,0.7483982092983761,0.32032904328743905,1.0,0,0,-0.19975114772795455,0.32256152792125015,-500,-419,-0.19975114772795455,1.0,1.0,1.0
30,1791141855.4470692,0.9566008448600769,0.7789348363876343,-1.7353858046806905,94.33597833768165,92.46396606876452,0.2104171767329921,0.9566008448600769,0.7789348363876343,-0.0029555917717516422,0.0,0.0,-0.061356176870046845,0.9981159349293506,7,1,6,0.008350926777761503,0.7280599267107681,0.3583974082483812,1.0,0,0,-0.19973290252479883,0.3567258860273071,-500,-411,-0.19973290252479883,1.0,1.0,1.0
31,1791141855.9470217,0.8837863206863403,0.782403290271759,-1.6209150464757873,93.90901449042147,92.46396606876452,0.2134819236300926,0.8837863206863403,0.782403290271759,-0.003225152613595128,0.0,0.0,-0.004159347847444692,0.9999913498753297,7,1,6,0.013294134837536165,0.7717769577823252,0.3902350972989579,1.0,0,0,-0.19845188288641502,0.27924643425408696,-500,-430,-0.19845188288641502,1.0,1.0,1.0
32,1791141856.447217,0.8117180466651917,0.774523138999939,-1.5184049629259448,93.4861899884089,92.46396606876452,0.21141225100628486,0.8117180466651917,0.774523138999939,0.0010687796166166663,0.0,0.0,0.04707827413579655,0.9988912033371776,7,1,6,0.002846263178838404,0.7785111601210319,0.41418969995049904,1.0,0,0,-0.19892574650734096,0.32007619366146534,-500,-420,-0.19892574650734096,1.0,1.0,1.0
33,1791141856.9468184,0.738213300704956,0.7697655558586121,-1.430859917031449,93.05500333720198,92.46396606876452,0.2155933256034604,0.738213300704956,0.7697655558586121,-0.003407278098165989,0.0,0.0,0.09074320623983549,0.9958743246621607,7,1,6,0.004343228523359555,0.8014835432646343,0.44921413985833447,1.0,0,0,-0.19951423779643687,0.33371588420024706,-500,-416,-0.19951423779643687,1.0,1.0,1.0
34,1791141857.4470434,0.6695077419281006,0.751830518245697,-1.325708163893465,92.65049327291011,92.46396606876452,0.20225503214593443,0.6695077419281006,0.751830518245697,-0.003142897505313158,0.0,0.0,0.14295266483858363,0.9897295264947629,7,1,6,-0.003268214530500191,0.7661432521614122,0.46644327605018066,1.0,0,0,-0.19972985396234452,0.3413121980602924,-500,-414,-0.19972985396234452,1.0,1.0,1.0
35,1791141857.9464016,0.602686882019043,0.7320026755332947,-1.241621881819953,92.256699516955,92.46396606876452,0.1968968779775577,0.602686882019043,0.7320026755332947,-0.0027110858354717493,0.0,0.0,0.18442542032100911,0.9828465110786216,7,1,6,-0.011085938233486914,0.7635402857337819,0.4890814660355467,1.0,0,0,-0.1995967038997515,0.33410909988056703,-500,-416,-0.1995967038997515,1.0,1.0,1.0
36,1791141858.4461262,0.5341399312019348,0.7011918425559998,-1.1218617912860163,91.84883660308952,92.46396606876452,0.20393145693273748,0.5341399312019348,0.7011918425559998,-0.0017196866683661938,0.0,0.0,0.2429126085787255,0.9700481764291292,7,1,6,-0.017226492321350317,0.7620956928741269,0.5050936683158904,1.0,0,0,-0.19975414233116742,0.36703025150974844,-500,-408,-0.19975414233116742,1.0,1.0,1.0
37,1791141858.9460554,0.4700084328651428,0.6644251942634583,-1.028294123099604,91.46422076258646,92.46396606876452,0.19230792025152652,0.4700084328651428,0.6644251942634583,-0.0013390644453465939,0.0,0.0,0.28801284210186257,0.9576265466163767,7,1,6,-0.025390177223791333,0.7627612703478162,0.5193209420075389,1.0,0,0,-0.19954540193680315,0.3322019572300331,-500,-417,-0.19954540193680315,1.0,1.0,1.0
38,1791141859.4472666,0.4129365086555481,0.6221063733100891,-0.9295189430071646,91.14389682749191,87.87146555691703,0.16016196754727394,0.4129365086555481,0.6221063733100891,-0.003657483495771885,0.0,0.0,0.3349373057527664,0.9422404158255354,7,1,6,-0.03900517235583356,0.7795176363080678,0.5258148175249655,1.0,0,0,-0.1988158438983877,0.2645965779216048,-500,-434,-0.1988158438983877,1.0,1.0,1.0
39,1791141859.9466217,0.3555524945259094,0.5685586333274841,-0.8415653182671803,90.83063835838249,85.00175703669883,0.1566292345547175,0.3555524945259094,0.5685586333274841,-0.0017068481538444757,0.0,0.0,0.3760368553687066,0.9266047071995773,7,1,6,-0.04720578509161022,0.7677992777901408,0.5282423375560195,1.0,0,0,-0.19785333022269014,0.24957237904097007,-500,-437,-0.19785333022269014,1.0,1.0,1.0
40,1791141860.4469802,0.30615246295928955,0.5158594846725464,-0.7749146519818764,90.52058327587481,92.46396606876452,0.15502754125383464,0.30615246295928955,0.5158594846725464,-0.002931543393060565,0.0,0.0,0.40670176080720616,0.9135609874312268,7,1,6,-0.059176512854670515,0.7855444726667815,0.5094603919181915,1.0,0,0,-0.1968600063522291,0.24531412900325517,-500,-439,-0.1968600063522291,1.0,1.0,1.0
41,1791141860.94713,0.2578546106815338,0.4611746668815613,-0.7399768413782084,90.21521704528595,92.46396606876452,0.15268311529443304,0.2578546106815338,0.4611746668815613,-0.0034477347508072853,0.0,0.0,0.4225978060032577,0.906317325422632,7,1,6,-0.05597062802532349,0.7237162384727882,0.47051606054352746,1.0,0,0,-0.19418932106214035,0.19657027609262048,-500,-451,-0.19418932106214035,1.0,1.0,1.0
42,1791141861.447059,0.21363186836242676,0.3998899459838867,-0.6760707623333131,89.97533865257843,81.21251246128932,0.11993919635376332,0.21363186836242676,0.3998899459838867,-0.0032285398337990046,0.0,0.0,0.4513367544970239,0.8923537045589564,7,1,6,-0.040925286681527506,0.6581991614482157,0.4264929972649052,1.0,0,0,-0.19644656174797717,0.20222489500964047,-500,-449,-0.19644656174797717,1.0,1.0,1.0
43,1791141861.947479,0.17242325842380524,0.33728986978530884,-0.6326430604905813,89.72232654632188,87.71230054603384,0.1265060531282758,0.17242325842380524,0.33728986978530884,-0.003185872221365571,0.0,0.0,0.4706052707050232,0.8823438554127591,7,1,6,-0.01703207379755567,0.5728819539469197,0.3892465409842254,1.0,0,0,-0.19851218625785208,0.2842304846329304,-500,-429,-0.19851218625785208,1.0,1.0,1.0
44,1791141862.447326,0.13382941484451294,0.27344557642936707,-0.534248845592078,89.48543115714286,86.5686927515855,0.11844769458951387,0.13382941484451294,0.27344557642936707,-0.0021638497710227966,0.0,0.0,0.5134271263730293,0.858133198229933,7,1,6,0.009195732273603596,0.5231065117584099,0.3709366858537897,0.7708532599005606,0,0,-0.19949879996816394,0.4059311987751698,-500,-398,-0.19949879996816394,1.0,1.0,1.0
45,1791141862.9465744,0.10491432249546051,0.20799489319324493,-0.40576011142735213,89.270468471186,94.2749441502403,0.1074813429784233,0.10491432249546051,0.20799489319324493,-0.002741314470767975,0.0,0.0,0.5674602554230077,0.8234007885077927,7,1,6,0.03359833342192653,0.4619372390836636,0.37098778642035124,0.7635305630440141,0,0,-0.1937190759629903,0.2819668628970154,-500,-429,-0.1937190759629903,1.0,1.0,1.0
46,1791141863.446944,0.08060595393180847,0.13798116147518158,-0.3178326522450776,89.09093220056567,88.21204903089516,0.08976813531016517,0.08060595393180847,0.13798116147518158,-0.0033907508477568626,0.0,0.0,0.6031000569823811,0.7976655447415594,7,1,6,0.06028387125764523,0.3377438836711313,0.392304030263116,0.7610389946301745,0,0,-0.19449676122400877,0.24597339609183855,-500,-438,-0.19449676122400877,1.0,1.0,1.0
47,1791141863.946476,0.06408067792654037,0.06578493863344193,-0.25835627562033814,88.94545188389363,88.21204903089516,0.07274015833602332,0.06408067792654037,0.06578493863344193,-0.001627706689760089,0.0,0.0,0.6265510298978214,0.7793803993775948,7,1,6,0.09206860820191753,0.23374320367248091,0.4196347173713766,0.7775401006155627,0,0,-0.19502957127217602,0.2134215895767414,-500,-447,-0.19502957127217602,1.0,1.0,1.0
48,1791141864.4477594,0.04788162559270859,-0.006224711891263723,-0.24105132117311223,88.80713929679277,84.66686068992232,0.06915629355042871,0.04788162559270859,-0.006224711891263723,-0.0023109985049813986,0.0,0.0,0.6332710635704208,0.7739300743894038,7,1,6,0.1276106968627373,0.1327811172018396,0.4175931856559021,0.8048623709871399,0,0,-0.19547592741748857,0.1965223636422224,-500,-451,-0.19547592741748857,1.0,1.0,1.0
49,1791141864.9471328,0.03922279551625252,-0.08008477836847305,-0.17620667758104558,88.69257944132607,91.59171336590994,0.057279927733347794,0.03922279551625252,-0.08008477836847305,-0.0008381901425309479,0.0,0.0,0.6580264571515897,0.7529948085402229,7,1,6,0.16039888802226332,0.023358553603655796,0.397113626952839,0.8516444992612928,0,0,-0.19733231999382067,0.1284464869683519,-500,-468,-0.19733231999382067,1.0,1.0,1.0
50,1791141865.4464204,0.030603736639022827,-0.15530924499034882,-0.13300700890665196,88.57685414700572,91.59171336590994,0.05786264716017725,0.030603736639022827,-0.15530924499034882,-0.0020819304045289755,0.0,0.0,0.6741362594999709,0.7386070021516097,7,1,6,0.19930315858166492,-0.059388991609715336,0.38453722980153926,0.2794743583529684,0,0,-0.16907894851461527,0.15445701490411926,-500,-461,-0.16907894851461527,1.0,1.0,1.0
51,1791141865.9467325,0.02464475855231285,-0.22790461778640747,-0.09983307647197082,88.47685414700572,85.17088399351007,0.05,0.02464475855231285,-0.22790461778640747,-0.003936342895030975,0.0,0.0,0.6862942125561897,0.7273240363221056,7,1,6,0.2332796797923824,-0.13142151254038126,0.30800846978613605,0.2784522425146243,0,0,-0.14175721546132916,0.06067762762578009,-426,-410,-0.14175721546132916,1.0,1.0,1.0
52,1791141866.4468603,0.021489543840289116,-0.2978530824184418,-0.10083322661935057,88.37685414700573,88.5602446342326,0.05,0.021489543840289116,-0.2978530824184418,-0.0012722329702228308,0.0,0.0,0.685930410137751,0.727667143993912,7,1,6,0.2685130798688182,-0.2001515127057687,0.2428083527109839,0.2885397598692707,0,0,-0.10867123240806223,-0.04042142147354557,-315,-326,-0.10867123240806223,1.0,1.0,1.0
53,1791141866.9470851,0.01751120574772358,-0.35448166728019714,-0.12423668680480304,88.27685414700574,91.09848709098445,0.05,0.01751120574772358,-0.35448166728019714,-0.0020227287895977497,0.0,0.0,0.6773686780897015,0.7356437139968033,7,1,6,0.28880586456609314,-0.26054627777031636,0.18639626350952843,0.32284019571874056,0,0,-0.08875974262514262,-0.12420532299372959,-246,-277,-0.08875974262514262,1.0,1.0,1.0
54,1791141867.446374,0.011533960700035095,-0.396885484457016,-0.1636144529988237,88.17685414700574,99.008335286454,0.05,0.011533960700035095,-0.396885484457016,-0.0009076033602468669,0.0,0.0,0.6627543233180473,0.7488369027520193,7,1,6,0.29360800708046186,-0.30747882251351,0.12847011321235713,0.36158041225604065,0,0,-0.07227388017710633,-0.17297845379547933,-191,-235,-0.07227388017710633,1.0,1.0,1.0
55,1791141867.9465995,0.004371929913759232,-0.4349783957004547,-0.2641513141523508,88.07685414700575,80.71456946431356,0.05,0.004371929913759232,-0.4349783957004547,-0.0029946386348456144,0.0,0.0,0.6242901331953243,0.7811925688298399,7,1,6,0.2959790181263342,-0.3365832822414636,0.07394210451709582,0.4098687628829556,0,0,-0.057131967062599445,-0.2481254120255895,-137,-200,-0.057131967062599445,1.0,1.0,1.0
56,1791141868.4465976,-0.003230966394767165,-0.4652406871318817,-0.37222532066496505,87.97685414700575,87.19129347385703,0.05,-0.003230966394767165,-0.4652406871318817,-0.001244799350388348,0.0,0.0,0.5811861274875467,0.8137706588566763,7,1,6,0.28692370747162776,-0.3457605832862629,0.022606511388305384,0.4641385354070575,0,0,-0.0728909676269993,-0.5182767793968984,-150,-280,-0.0728909676269993,1.0,1.0,1.0
57,1791141868.9468539,-0.017956500872969627,-0.4951022267341614,-0.6210358726165528,87.87685414700576,87.19129347385703,0.05,-0.017956500872969627,-0.4951022267341614,-0.002998277312144637,0.0,0.0,0.4757180820375539,0.8795978094689135,7,1,6,-0.019041088410369778,-0.3497955753580151,1.0,0.4960884692450487,0,0,-0.127114783215149,-0.6281529319758389,-296,-454,-0.127114783215149,1.0,1.0,1.0
58,1791141869.4468384,-0.054491184651851654,-0.5378063917160034,-0.8684627126447628,87.66317587091537,87.69602008721728,0.10683913804519703,-0.054491184651851654,-0.5378063917160034,-0.0021723571699112654,0.0,0.0,0.36354159899275046,0.9315779654982154,7,1,6,-0.030517609048036243,0.5273366098797123,-0.34010419428927474,1.0,0,0,-0.009155952758687925,-0.4937779284710475,35,-89,-0.009155952758687925,1.0,1.0,1.0
59,1791141869.9471302,-0.06329802423715591,-0.5476619005203247,-1.0689971115415617,87.56317587091537,88.22842594555956,0.05,-0.06329802423715591,-0.5476619005203247,-0.0024010385386645794,0.0,0.0,0.2684654132916721,0.963289324069426,7,1,6,-0.06608407567476271,0.5854172965837419,-0.3200966348145483,0.2555378053239692,0,0,-0.09693544666956738,-0.20472118654207122,-260,-312,-0.09693544666956738,1.0,1.0,1.0
60,1791141870.4459877,-0.10232891142368317,-0.5672142505645752,-1.1748386899809038,87.36479197057854,84.02177033934156,0.0991919501684202,-0.10232891142368317,-0.5672142505645752,-0.0010339453583583236,0.0,0.0,0.2171353278906964,0.976141510940806,7,1,6,-0.0384714935033289,0.6188461322505276,-0.28756998052215876,0.23848890532582545,0,0,-0.15408333922626638,-0.08155825093900647,-444,-465,-0.15408333922626638,1.0,1.0,1.0
61,1791141870.946021,-0.16458465158939362,-0.5970491766929626,-1.2422425648015094,87.04245634150669,84.66686068992233,0.16116781453592274,-0.16458465158939362,-0.5970491766929626,0.0018469472415745258,0.0,0.0,0.18412039339327507,0.9829036986077048,7,1,6,-0.0006760293656051797,0.6214209115651654,-0.2519674721063464,0.2322581760462299,0,0,-0.17097881654206745,0.007589215384892458,-500,-498,-0.17097881654206745,1.0,1.0,1.0
62,1791141871.4459584,-0.2296481430530548,-0.6240332126617432,-1.2353549311427785,86.71856472625488,82.7621328729459,0.16194580762590394,-0.2296481430530548,-0.6240332126617432,-0.002048966707661748,0.0,0.0,0.18750423518007533,0.9822637944002288,7,1,6,0.05162106731154603,0.6299949264249196,-0.21940325416315798,0.22517222750184018,0,0,-0.18077723311285754,0.03868358523841265,-500,-490,-0.18077723311285754,1.0,1.0,1.0
63,1791141871.94679,-0.301093190908432,-0.652603268623352,-1.252647468601422,86.38959804316887,78.56520175359422,0.16448334154300376,-0.301093190908432,-0.652603268623352,-0.002092573093250394,0.0,0.0,0.17900441559540195,0.9838482704143706,7,1,6,0.09580134974011467,0.6208952288793534,-0.20334865305204364,0.224223984965773,0,0,-0.17128545811666884,0.030539730274527443,-500,-492,-0.17128545811666884,1.0,1.0,1.0
64,1791141872.4484727,-0.373974472284317,-0.6784298419952393,-1.2752697903496408,86.0771812712364,75.03845363248433,0.15620838596623968,-0.373974472284317,-0.6784298419952393,-0.002674189629033208,0.0,0.0,0.16786473583025202,0.985810037717531,7,1,6,0.1368002201652052,0.624021077804275,-0.20551953083147412,0.224456251302124,0,0,-0.16257812145268696,-0.016699933647725325,-477,-482,-0.16257812145268696,1.0,1.0,1.0
65,1791141872.9467518,-0.43901699781417847,-0.6995328068733215,-1.301108711351971,85.79985096438519,75.03845363248433,0.1386651534256056,-0.43901699781417847,-0.6995328068733215,-0.0032176098320633173,0.0,0.0,0.15511494712347718,0.9878964283662943,7,1,6,0.16816640395450633,0.6324527077328359,-0.21542250464344115,0.23309261365726686,0,0,-0.15007589212384895,-0.043106005288716054,-437,-448,-0.15007589212384895,1.0,1.0,1.0
66,1791141873.4469647,-0.5082898139953613,-0.7199033498764038,-1.3290117153571674,85.44204167832079,85.09659954045915,0.17890464303219625,-0.5082898139953613,-0.7199033498764038,-0.0029189500492066145,0.0,0.0,0.1413176593556747,0.9899643019595371,7,1,6,0.19011798956945314,0.6474510580389361,-0.19046185550093941,0.24503193987536087,0,0,-0.14617303757904385,-0.05024558543159756,-425,-437,-0.14617303757904385,1.0,1.0,1.0
67,1791141873.9463909,-0.5775743126869202,-0.7366918325424194,-1.3586302445128084,85.14767976192651,75.03845363248433,0.14718095819713872,-0.5775743126869202,-0.7366918325424194,-0.0030455454252660275,0.0,0.0,0.12664205575119752,0.9919484813815235,7,1,6,-0.12760631906212772,0.6462621438646856,1.0,0.2584847257682312,0,0,-0.1403951253398035,-0.14202711897305206,-396,-432,-0.1403951253398035,1.0,1.0,1.0
68,1791141874.4467404,-0.6414507627487183,-0.7510651350021362,-1.4073746478662605,84.88586393153923,73.3952250950959,0.1309079151936362,-0.6414507627487183,-0.7510651350021362,-0.0023617218248546124,0.0,0.0,0.10243086958120659,0.9947401253376873,7,1,6,-0.04955175384129862,0.6506265973002723,1.0,0.2641857032634225,0,0,-0.19095685333871212,0.1705548919669705,-500,-457,-0.19095685333871212,1.0,1.0,1.0
69,1791141874.948276,-0.709841787815094,-0.7583644986152649,-1.3910409649133433,84.54576999269297,83.46475141836535,0.17004696942313485,-0.709841787815094,-0.7583644986152649,0.0021615494042634964,0.0,0.0,0.11055124827633121,0.9938704249068613,7,1,6,0.030696776542503912,0.6636873439003599,1.0,0.2642945208273033,0,0,-0.1930485070938757,0.2783703069084952,-500,-430,-0.1930485070938757,1.0,1.0,1.0
70,1791141875.4464288,-0.7782262563705444,-0.7689988613128662,-1.35452331721677,84.21892136358372,81.30374794148076,0.16342431455462728,-0.7782262563705444,-0.7689988613128662,0.005639220122247934,0.0,0.0,0.12867871746039303,0.9916863353262202,7,1,6,0.08410223092452473,0.6684013119327235,1.0,0.2580043892113011,0,0,-0.19518571986961,0.2682304701465976,-500,-433,-0.19518571986961,1.0,1.0,1.0
71,1791141875.9465997,-0.856443464756012,-0.7952303886413574,-1.2945092650127004,83.92217687323152,68.92618290122566,0.1483722451760991,-0.856443464756012,-0.7952303886413574,-0.0018680287757888436,0.0,0.0,0.15837388148342096,0.9873792147214135,7,1,6,0.12409578927026632,0.6549216394105342,1.0,0.2752817659028197,0,0,-0.19589177483063616,0.27383236916233644,-500,-431,-0.19589177483063616,1.0,1.0,1.0
72,1791141876.4468412,-0.9244187474250793,-0.8171228766441345,-1.2463949655731612,83.65310851470636,71.26842793508294,0.134534179262577,-0.9244187474250793,-0.8171228766441345,-0.0030608163215219975,0.0,0.0,0.18207929298582745,0.9832838507093368,7,1,6,0.1372798019229875,0.6643299751313141,1.0,0.2677476194973172,0,0,-0.1963021546669036,0.27071443191846467,-500,-432,-0.1963021546669036,1.0,1.0,1.0
73,1791141876.946158,-0.9928479790687561,-0.8437227010726929,-1.191861715537231,83.37413972509395,72.44989664861079,0.13948439480619973,-0.9928479790687561,-0.8437227010726929,-0.0036172494292259216,0.0,0.0,0.20881912203615316,0.9779542802565211,7,1,6,0.1452784474636113,0.6557846364629953,1.0,0.271510681593764,0,0,-0.19621286777964606,0.2657352968197367,-500,-433,-0.19621286777964606,1.0,1.0,1.0
74,1791141877.4475353,-1.0572975873947144,-0.8750808238983154,-1.124171983663119,83.08736427870565,76.52143060532033,0.143387723194152,-1.0572975873947144,-0.8750808238983154,-0.007046599872410297,0.0,0.0,0.24179194782387486,0.970328116653092,7,1,6,0.13944981606448015,0.6890818581295244,1.0,0.2749578830415431,0,0,-0.19633440375824207,0.26689424716468835,-500,-433,-0.19633440375824207,1.0,1.0,1.0
75,1791141877.9472437,-1.1296666860580444,-0.9191257953643799,-1.0311512288960683,82.7997698857583,69.86487832536795,0.14379719647367814,-1.1296666860580444,-0.9191257953643799,-0.0018831845372915268,0.0,0.0,0.2866445285055896,0.9580370109123176,7,1,6,0.1340799612411745,0.6842190033384521,1.0,0.28941285671804806,0,0,-0.19663179196572678,0.2702627109663895,-500,-432,-0.19663179196572678,1.0,1.0,1.0
76,1791141878.4466217,-1.1854186058044434,-0.958564281463623,-0.9675837707837758,82.57681963980346,69.82372709189826,0.11147512297741764,-1.1854186058044434,-0.958564281463623,-0.005215572193264961,0.0,0.0,0.3169446180126101,0.948444046379564,7,1,6,0.12248033520975676,0.8222264251683031,1.0,0.3007323444574088,0,0,-0.19627905990228536,0.2586561873253225,-500,-435,-0.19627905990228536,1.0,1.0,1.0
77,1791141878.9473703,-1.2474801540374756,-1.006184458732605,-0.8920884802022098,82.3155041606904,71.91410596774459,0.13065773955653245,-1.2474801540374756,-1.006184458732605,-0.0016618118388578296,0.0,0.0,0.3525118679222418,0.9358073428724376,7,1,6,0.11194353116045996,0.8363444065493544,1.0,0.3203921512078729,0,0,-0.19701151723444776,0.264346921011683,-500,-434,-0.19701151723444776,1.0,1.0,1.0
78,1791141879.4471312,-1.290444016456604,-1.0482338666915894,-0.8208963918890211,82.10925498233257,77.6908805914256,0.10312458917891065,-1.290444016456604,-1.0482338666915894,-0.0016656855586916208,0.0,0.0,0.38559256675136105,0.9226691565594339,7,1,6,0.09093175237300488,0.8472333834105454,1.0,0.7310218528759385,0,0,-0.19679824475272753,0.27988307324065004,-500,-430,-0.19679824475272753,1.0,1.0,1.0
79,1791141879.9472148,-1.3450111150741577,-1.1019771099090576,-0.7681325127918259,81.78815374632899,89.06792973997024,0.16055061800178938,-1.3450111150741577,-1.1019771099090576,-0.00966908223927021,0.0,0.0,0.409797365356172,0.9121765834240321,7,1,6,0.0813588061817927,1.0,1.0,0.7290951736336133,0,0,-0.19721191130843985,0.2734214975109193,-500,-431,-0.19721191130843985,1.0,1.0,1.0
80,1791141880.4461975,-1.3926706314086914,-1.1568598747253418,-0.7141831275353825,81.50256014567003,89.06792973997024,0.14279680032947512,-1.3926706314086914,-1.1568598747253418,-0.015383319929242134,0.0,0.0,0.43425098221984454,0.9007919207237043,7,1,6,0.06555042921776466,1.0,1.0,0.7470910920935285,0,0,-0.19769353791010447,0.2623378128281932,-500,-434,-0.19769353791010447,1.0,1.0,1.0
81,1791141880.9472542,-1.4348690509796143,-1.2171173095703125,-0.6492723709692543,81.26722176184428,82.54958046271543,0.1176691919128713,-1.4348690509796143,-1.2171173095703125,-0.016518907621502876,0.0,0.0,0.46325270307699656,0.8862262313268865,7,1,6,0.05088549763432182,1.0,1.0,0.7823724687324152,0,0,-0.1981455204977395,0.23439723754346772,-500,-441,-0.1981455204977395,1.0,1.0,1.0
82,1791141881.4464893,-1.4716209173202515,-1.2762365341186523,-0.5999237296539772,80.99406642178707,99.49890613401517,0.13657767002860413,-1.4716209173202515,-1.2762365341186523,-0.02669389359652996,0.0,0.0,0.4849765024090531,0.874527182031,7,1,6,0.03098929111213322,1.0,1.0,0.8390536123103667,0,0,-0.1980017250947692,0.16706170123609124,-500,-458,-0.1980017250947692,1.0,1.0,1.0
83,1791141881.946587,-1.516445517539978,-1.3479984998703003,-0.5478011397472735,80.6972831223946,91.767671262027,0.1483916496962349,-1.516445517539978,-1.3479984998703003,-0.011290897615253925,0.0,0.0,0.507600546850418,0.8615925283085715,7,1,6,0.031660199064323935,1.0,1.0,0.8906751756859479,0,0,-0.19620922118576084,0.09403184436445354,-500,-476,-0.19620922118576084,1.0,1.0,1.0
84,1791141882.4478085,-1.5548211336135864,-1.4161046743392944,-0.536572453643172,80.4628480964502,85.1780917704057,0.11721751297219646,-1.5548211336135864,-1.4161046743392944,-0.002406925428658724,0.0,0.0,0.5124297974841557,0.85872912064885,7,1,6,0.014046145499321927,1.0,1.0,0.9526035830182267,0,0,-0.1918471716554714,-0.0033899331252552132,-499,-500,-0.1918471716554714,1.0,1.0,1.0
85,1791141882.9465384,-1.585749864578247,-1.4782854318618774,-0.562158906974163,80.24567736248365,92.46396606876452,0.1085853669832742,-1.585749864578247,-1.4782854318618774,-0.01058407686650753,0.0,0.0,0.501402247606482,0.8652143006765249,7,1,6,-0.01048049075469204,1.0,1.0,1.0,0,0,-0.1886208823663854,-0.05194499100464442,-487,-500,-0.1886208823663854,1.0,1.0,1.0
86,1791141883.4461453,-1.6308021545410156,-1.546172857284546,-0.6182534019096382,79.9403994952424,94.0279054411498,0.1526389336206203,-1.6308021545410156,-1.546172857284546,-0.012021833099424839,0.0,0.0,0.47694134882753225,0.8789351226220137,7,1,6,-0.01113130109930116,1.0,1.0,1.0,0,0,-0.175736233658727,-0.23020022801380913,-442,-500,-0.175736233658727,1.0,1.0,1.0
87,1791141883.9459755,-1.6762830018997192,-1.6105071306228638,-0.7028427884025796,79.63564128159817,94.0279054411498,0.1523791068221168,-1.6762830018997192,-1.6105071306228638,-0.004634657874703407,0.0,0.0,0.43935161704077114,0.8983151766521924,7,1,6,-0.0020318197113436964,1.0,1.0,1.0,0,0,-0.15766149862592976,-0.3337118094322871,-416,-500,-0.15766149862592976,1.0,1.0,1.0
88,1791141884.4466424,-1.7300392389297485,-1.6642290353775024,-0.8175673073683676,79.29162339096526,94.0279054411498,0.1720089453164552,-1.7300392389297485,-1.6642290353775024,-0.002108719665557146,0.0,0.0,0.3871278536648177,0.9220260435133443,7,1,6,0.005153715892864952,1.0,1.0,0.9893976411305214,0,0,-0.1207441004414924,-0.3701077336536528,-310,-402,-0.1207441004414924,1.0,1.0,1.0
89,1791141884.9467833,-1.7561265230178833,-1.6979514360427856,-0.9573312663772438,79.12043087593673,94.0279054411498,0.08559625751426048,-1.7561265230178833,-1.6979514360427856,-0.0036661443300545216,0.0,0.0,0.32180239570153746,0.9468068536511294,7,1,6,-0.029463685141890128,1.0,1.0,1.0,0,0,-0.10030230555204295,-0.3896308770164711,-247,-345,-0.10030230555204295,1.0,1.0,1.0
90,1791141885.4467149,-1.8113186359405518,-1.729673981666565,-1.1535764446013883,78.78142710495045,94.0279054411498,0.16950188549313971,-1.8113186359405518,-1.729673981666565,-0.0022224264685064554,0.0,0.0,0.22750034229334185,0.9737780004992987,7,1,6,-0.022289283212047928,1.0,1.0,1.0,0,0,-0.08527497078265191,-0.4112960168627572,-200,-303,-0.08527497078265191,1.0,1.0,1.0
91,1791141885.9465075,-1.846423625946045,-1.7432233095169067,-1.3345932682382964,78.57014095166205,94.0279054411498,0.10564307664419774,-1.846423625946045,-1.7432233095169067,-0.008121311664581299,0.0,0.0,0.13855434356982485,0.9903548323090744,7,1,6,-0.05603264369452865,1.0,1.0,0.9948568721820754,0,0,-0.07181027328965264,-0.45743954973700823,-154,-269,-0.07181027328965264,1.0,1.0,1.0
92,1791141886.4462903,-1.8827255964279175,-1.7494637966156006,-1.5328611672446266,78.3536373974545,94.0279054411498,0.10825177710377279,-1.8827255964279175,-1.7494637966156006,-0.004150251392275095,0.0,0.0,0.039857019533602905,0.9992053932970428,7,1,6,-0.07399650611618624,1.0,1.0,0.7987578393158143,0,0,-0.046309123489881546,-0.42764498619349434,-83,-190,-0.046309123489881546,1.0,1.0,1.0
93,1791141886.946314,-1.9146219491958618,-1.7555969953536987,-1.742167577686091,78.16358578773891,94.0279054411498,0.0950258048578005,-1.9146219491958618,-1.7555969953536987,0.003960145637392998,0.0,0.0,-0.06474031549630717,0.997902145277501,7,1,6,-0.08641052728400755,1.0,1.0,0.7558457495038466,0,0,-0.04649874346073131,-0.41381660221776284,-85,-189,-0.04649874346073131,1.0,1.0,1.0
94,1791141887.4464455,-1.926690697669983,-1.7516686916351318,-1.9262056493887745,78.06358578773892,100.0,0.05,-1.926690697669983,-1.7516686916351318,-0.006116132717579603,0.0,0.0,-0.1561628731011635,0.9877313182565337,7,1,6,-0.09413982098807061,1.0,1.0,0.6896329431489951,0,0,-0.04502960466306057,-0.36150374969553956,-87,-178,-0.04502960466306057,1.0,1.0,1.0
95,1791141887.9470189,-1.951093077659607,-1.7359293699264526,-2.131099476542465,77.91437923405138,94.0279054411498,0.07460327684376453,-1.951093077659607,-1.7359293699264526,-0.013698326423764229,0.0,0.0,-0.2563572094177497,0.9665821130041379,7,1,6,1.0,1.0,1.0,-0.11568132242506257,0,0,-0.12857945111224794,-0.26470296487419914,-346,-412,-0.12857945111224794,1.0,1.0,1.0
96,1791141888.4465888,-1.9973633289337158,-1.7027620077133179,-2.265222993520608,77.62747963090874,94.0279054411498,0.14344980157132164,-1.9973633289337158,-1.7027620077133179,-0.018042724579572678,0.0,0.0,-0.32055309143558564,0.9472305503788869,7,1,6,1.0,0.7673386008979126,1.0,-0.15965623891231961,0,0,-0.18906077158223553,0.013933181092185245,-500,-497,-0.18906077158223553,1.0,1.0,1.0
97,1791141888.9462607,-2.0594968795776367,-1.6606501340866089,-2.293452035022257,77.27649633660342,88.51196242972357,0.17549164715266283,-2.0594968795776367,-1.6606501340866089,-0.007538727950304747,0.0,0.0,-0.33389042306641536,0.9426118954185387,7,1,6,1.0,0.6658517682027223,1.0,-0.17391594354888074,0,0,-0.1882228777502934,0.27684521909212,-500,-431,-0.1882228777502934,1.0,1.0,1.0
98,1791141889.4462829,-2.1097049713134766,-1.6181927919387817,-2.2390519097513173,76.98998783366424,88.30467855451259,0.14325425146958465,-2.1097049713134766,-1.6181927919387817,-0.009660320356488228,0.0,0.0,-0.30813097614069124,0.9513439449234881,7,1,6,1.0,0.5970267147769233,1.0,-0.1997264510863258,0,0,-0.19675708768129496,0.3258903379598358,-500,-418,-0.19675708768129496,1.0,1.0,1.0
99,1791141889.9463751,-2.171642780303955,-1.5737248659133911,-2.1840021729114802,76.60521243368152,93.82062156593882,0.19238769999136446,-2.171642780303955,-1.5737248659133911,-0.012957077473402023,0.0,0.0,-0.28183195008349304,0.9594637835333523,7,1,6,1.0,0.5106273334609506,1.0,-0.2151642993958749,0,0,-0.19806475895067238,0.3175713843654806,-500,-420,-0.19806475895067238,1.0,1.0,1.0
100,1791141890.446718,-2.2367851734161377,-1.5403212308883667,-2.1176734828019668,76.16545624479534,99.72932539394927,0.21987809444309053,-2.2367851734161377,-1.5403212308883667,-0.012625128962099552,0.0,0.0,-0.24986281919187814,0.9682812461188571,7,1,6,-0.22246917632875152,1.0,1.0,0.3406015295378384,0,0,-0.1538607823405875,0.21924833707235747,-481,-426,-0.1538607823405875,1.0,1.0,1.0
101,1791141890.9466112,-2.296678304672241,-1.5133379697799683,-2.0549676238813426,75.7634537333308,99.72932539394927,0.20100125573226763,-2.296678304672241,-1.5133379697799683,-0.01669621467590332,0.0,0.0,-0.21938654080941986,0.9756380198166105,7,1,6,-0.234896843761919,1.0,1.0,0.3207269393065888,0,0,-0.17717330633276973,0.09503545534849378,-500,-476,-0.17717330633276973,1.0,1.0,1.0
102,1791141891.4463298,-2.3711225986480713,-1.4801948070526123,-2.04642137349571,75.32288638365597,92.05270054431332,0.22028367483741498,-2.3711225986480713,-1.4801948070526123,-0.007299057208001614,0.0,0.0,-0.21521552714323647,0.9765665757522417,7,1,6,-0.2257410869761287,1.0,1.0,0.34579968470655076,0,0,-0.19150462588265724,0.08036580392984498,-500,-480,-0.19150462588265724,1.0,1.0,1.0
103,1791141891.9459121,-2.43941330909729,-1.4513139724731445,-2.0549937894390524,74.92691002069121,91.09505274113106,0.19798818148237665,-2.43941330909729,-1.4513139724731445,-0.008675582706928253,0.0,0.0,-0.2193993048471003,0.9756351495475187,7,1,6,-0.23176806867354605,1.0,1.0,0.3103891600361244,0,0,-0.1862607204531313,0.006385838211083971,-500,-498,-0.1862607204531313,1.0,1.0,1.0
104,1791141892.4467862,-2.5037038326263428,-1.4132345914840698,-2.093200230806629,74.61772218830357,80.05198781158698,0.15459391619382123,-2.5037038326263428,-1.4132345914840698,-0.01019266527146101,0.0,0.0,-0.23799591303628834,0.9712661557873946,7,1,6,-0.23789257915554274,0.2514929970089128,1.0,0.4212260310628313,0,0,-0.17572298523255103,0.011847363496021866,-500,-497,-0.17572298523255103,1.0,1.0,1.0
105,1791141892.9473636,-2.5768208503723145,-1.3797016143798828,-2.0970078187961425,74.20715306396072,89.03973246118403,0.20528456217143168,-2.5768208503723145,-1.3797016143798828,-0.01058620773255825,0.0,0.0,-0.23984457129418266,0.970811300727752,7,1,6,-0.23465658222296581,0.19814905437181363,1.0,0.45180201208686244,0,0,-0.1734225260646561,-0.09567249382713963,-476,-500,-0.1734225260646561,1.0,1.0,1.0
106,1791141893.445897,-2.6402714252471924,-1.349076747894287,-2.1450392939257803,73.8438783695877,90.22829683506657,0.1816373471865112,-2.6402714252471924,-1.349076747894287,-0.009538261219859123,0.0,0.0,-0.26308791709815466,0.964771863124622,7,1,6,-0.23561644758631972,0.15129674139904403,1.0,0.4997822304108883,0,0,-0.16304480763337548,-0.07118826476479094,-472,-490,-0.16304480763337548,1.0,1.0,1.0
107,1791141893.9465306,-2.706606864929199,-1.315301775932312,-2.1943743198299845,73.49694799819001,84.99686387779866,0.1734651856988449,-2.706606864929199,-1.315301775932312,0.00030250815325416625,0.0,0.0,-0.2868039874647844,0.957989286356742,7,1,6,-0.24165273030323453,0.09991131105674733,1.0,0.5439010599228047,0,0,-0.16418707952881767,-0.0495637168440656,-478,-490,-0.16418707952881767,1.0,1.0,1.0
108,1791141894.4460092,-2.7520065307617188,-1.254529356956482,-2.243455380034736,73.23643370240086,84.98971596645232,0.13025714789457313,-2.7520065307617188,-1.254529356956482,-0.009621863253414631,0.0,0.0,-0.3102248349904094,0.9506632167887707,7,1,6,-0.2521908215876575,0.0008641808913154581,1.0,0.5489120258981575,0,0,-0.16494634197431357,0.03624994866399949,-491,-482,-0.16494634197431357,1.0,1.0,1.0
109,1791141894.946887,-2.813052177429199,-1.2326143980026245,-2.257959887437689,72.93445187751152,82.72199215028017,0.1509909124446669,-2.813052177429199,-1.2326143980026245,-0.018631108105182648,0.0,0.0,-0.3171110672572207,0.9483884072588543,7,1,6,-0.238622278233388,-0.023024792097790847,1.0,0.5865641102510037,0,0,-0.17247678087304005,0.07769633993947173,-500,-481,-0.17247678087304005,1.0,1.0,1.0
110,1791141895.4466584,-2.8746776580810547,-1.1927396059036255,-2.2513635037336717,72.63388785007247,80.54133455746685,0.15028201371952826,-2.8746776580810547,-1.1927396059036255,-0.02310093864798546,0.0,0.0,-0.3139813812343475,0.9494291401880244,7,1,6,-0.1949381188068724,-0.09020355777588263,1.0,0.5960302955682413,0,0,-0.18055344133667167,0.12609594501255386,-500,-468,-0.18055344133667167,1.0,1.0,1.0
111,1791141895.946732,-2.9373536109924316,-1.1499102115631104,-2.2506673534247255,72.27764118204965,88.82342181640469,0.1781233340114073,-2.9373536109924316,-1.1499102115631104,-0.010960877873003483,0.0,0.0,-0.31365088952597514,0.949538371788926,7,1,6,-0.16282318672090934,-0.16521288238897014,1.0,0.619340588895219,0,0,-0.18604010286923267,0.16398277873780842,-500,-459,-0.18604010286923267,1.0,1.0,1.0
112,1791141896.4467316,-2.997422695159912,-1.1013813018798828,-2.2260144046348347,71.97093088934885,82.04776118380711,0.15335514635039754,-2.997422695159912,-1.1013813018798828,-0.018749330192804337,0.0,0.0,-0.3019228974311744,0.9533323470892848,7,1,6,-0.11295209728659072,-0.2511891537951899,1.0,0.6081793179195045,0,0,-0.19041677667143747,0.1961875261828672,-500,-451,-0.19041677667143747,1.0,1.0,1.0
113,1791141896.946924,-3.0597851276397705,-1.063962459564209,-2.196654451776283,71.66737971901993,80.69439053252603,0.1517755851644579,-3.0597851276397705,-1.063962459564209,-0.007529560010880232,0.0,0.0,-0.2878959718294279,0.9576616883870782,7,1,6,-0.07930019405025579,-0.3298826222445207,1.0,0.6010825311535648,0,0,-0.1926042267718441,0.2069224009875438,-500,-448,-0.1926042267718441,1.0,1.0,1.0
114,1791141897.4469485,-3.125354766845703,-1.0119048357009888,-2.1367818300708534,71.42861141248852,64.1831342250827,0.11938415326570352,-3.125354766845703,-1.0119048357009888,-0.008844302967190742,0.0,0.0,-0.259102401669594,0.9658498565766049,7,1,6,-0.029370051331544134,-0.4233103854590543,1.0,0.5930933204546023,0,0,-0.1947169846349498,0.2007369880930277,-500,-450,-0.1947169846349498,1.0,1.0,1.0
115,1791141897.94645,-3.2070116996765137,-0.9850838780403137,-2.0700338252477066,71.1476743257257,64.1831342250827,0.14046854338140652,-3.2070116996765137,-0.9850838780403137,-0.0040184310637414455,0.0,0.0,-0.2267298259303544,0.9739576921168553,7,1,6,0.03717167745563499,-0.5048128103996954,1.0,0.6111781751193741,0,0,-0.19456836727921273,0.1533562183271969,-500,-462,-0.19456836727921273,1.0,1.0,1.0
116,1791141898.4474146,-3.269674301147461,-0.954907238483429,-2.0192407852257115,70.96119890264158,56.92699758388471,0.0932377115420621,-3.269674301147461,-0.954907238483429,-0.004675987176597118,0.0,0.0,-0.20192423424722633,0.9794011454065547,7,1,6,0.08994038530289283,-0.593796742838963,1.0,1.0,0,0,-0.1945391091758698,0.036352823817070536,-500,-491,-0.1945391091758698,1.0,1.0,1.0
117,1791141898.9462106,-3.350630044937134,-0.9262881278991699,-2.01772281669388,70.7024761431938,60.617457060592514,0.12936137972388648,-3.350630044937134,-0.9262881278991699,-0.00428319675847888,0.0,0.0,-0.20118082609926832,0.9795541206130552,7,1,6,0.14192643292267837,-0.6864390238566652,1.0,1.0,0,0,-0.18630489621310542,-0.17337633213902456,-457,-500,-0.18630489621310542,1.0,1.0,1.0
118,1791141899.4465141,-3.3962745666503906,-0.8898261189460754,-2.1049250971113254,70.55335420371696,59.126955905330185,0.07456096973841846,-3.3962745666503906,-0.8898261189460754,-0.019241856411099434,0.0,0.0,-0.24368577360790614,0.9698542383993155,7,1,6,0.17575949272411284,-0.7553264169199545,1.0,0.5484654903674031,0,0,-0.10552449678214998,-0.29966885982980473,-274,-349,-0.16940208650329316,1.0,1.0,0.6229232411496808
119,1791141899.9464567,-3.4475350379943848,-0.8567163944244385,-2.2628441914559216,70.4345812738676,44.18198617990011,0.059386464924684496,-3.4475350379943848,-0.8567163944244385,-0.010174850933253765,0.0,0.0,-0.3194262279675696,0.9476111464553434,7,1,6,1.0,-0.8069198859271051,0.47891920258526155,0.19843651721289346,0,0,-0.04265257261554603,-0.29314677306184983,-89,-163,-0.13416353591050828,1.0,1.0,0.31791479201917255
120,1791141900.4470453,-3.498906135559082,-0.8306123614311218,-2.385653201963836,70.28934944665575,54.593759324795876,0.07261591360592506,-3.498906135559082,-0.8306123614311218,-0.07753786444664001,0.0,0.0,-0.3769752510778943,0.9262233316402467,7,1,6,1.0,1.0,-0.799842129909448,0.22414267672215082,0,0,-0.17899217794750047,-0.17328917890707368,-457,-500,-0.17899217794750047,1.0,1.0,1.0
